0.451860
0.543411
0.418787
0.518150
0.460121
0.455943
0.442550
0.454712
0.482842
0.456265
0.498680
0.566328
0.589914
0.484208
0.427757
0.331567
0.499499
0.798936
0.076912
0.478382
0.443847
0.419922
0.428444
0.428365
0.465329
0.407236
0.491447
0.552510
0.623955
0.543662
0.500462
0.317887
0.584920
0.930598
-0.008415
0.616052
0.464027
0.405146
0.428679
0.431056
0.488736
0.389796
0.462890
0.490000
0.527168
0.487891
0.469092
0.365004
0.553869
0.962164
-0.003883
0.585386
0.427089
0.401051
0.399096
0.401434
0.459104
0.377117
0.447233
0.465207
0.494565
0.483086
0.458712
0.328886
0.471606
0.706113
0.140011
0.533091
0.423067
0.391345
0.386992
0.385439
0.426679
0.375279
0.448656
0.488104
0.510882
0.468740
0.440416
0.327817
0.672318
0.142264
0.272617
0.528153
0.520762
0.490805
0.450855
0.276998
0.386864
0.410871
0.441231
0.448438
0.523108
0.457042
0.428833
0.351106
0.706540
0.068303
0.345661
0.654108
0.718924
0.669787
0.663198
0.374752
0.503661
0.555363
0.493165
0.397716
0.408816
0.375500
0.421343
0.429331
0.747512
0.145875
0.403692
0.636028
0.731500
0.679509
0.678500
0.382957
0.531931
0.691066
0.732487
0.594503
0.541705
0.420316
0.512623
0.446429
0.728391
0.143047
0.465247
0.528333
0.637867
0.595269
0.598851
0.447191
0.522234
0.684167
0.786928
0.720326
0.646306
0.532883
0.665451
0.363779
0.691785
0.197347
0.494202
0.476618
0.532822
0.493415
0.495385
0.485058
0.490151
0.663448
0.798772
0.706354
0.663027
0.610556
0.729265
0.140967
0.635917
0.288233
0.428283
0.454460
0.420807
0.456578
0.438783
0.487128
0.438649
0.594600
0.759646
0.654202
0.678208
0.691142
0.799125
0.038841
0.583255
0.423112
0.421440
0.413569
0.295713
0.377524
0.440344
0.482151
0.431117
0.583109
0.703955
0.630156
0.644244
0.651622
0.827511
0.017283
0.593652
0.513532
0.506195
0.509851
0.369356
0.453419
0.586357
0.608025
0.562076
0.590844
0.734771
0.686514
0.674969
0.653395
0.885933
-0.004089
0.647438
0.555087
0.520832
0.505919
0.467534
0.541661
0.684421
0.629284
0.622170
0.580971
0.754677
0.696241
0.672983
0.736892
0.922663
-0.005624
0.612325
0.544764
0.484536
0.537651
0.521104
0.528787
0.673165
0.615979
0.667221
0.619391
0.736352
0.668690
0.660150
0.816671
0.896891
0.023192
0.638080
0.637020
0.682858
0.721244
0.650464
0.604373
0.710078
0.674885
0.702680
0.658326
0.672389
0.640038
0.629765
0.802200
0.860280
0.180274
0.631375
0.591540
0.634331
0.713398
0.709837
0.708236
0.729500
0.713781
0.699581
0.658202
0.599482
0.531208
0.460576
0.422633
0.418297
0.467145
0.458680
0.908157
0.765487
0.434768
0.546663
0.502423
0.517024
0.514701
0.502482
0.483539
0.432497
0.368286
0.270766
0.228531
0.255838
0.379430
0.671371
0.816952
0.828447
0.593541
0.579399
0.533426
0.553149
0.553117
0.563313
0.571449
0.576675
0.606444
0.581742
0.558419
0.503130
0.516627
0.177574
-0.014481
-0.003319
0.167079
0.309038
0.376257
0.431348
0.435591
0.419201
0.394310
0.400360
0.427674
0.463715
0.503502
0.514038
0.512334
0.646444
0.452202
0.477706
0.483643
0.442733
0.483747
0.471930
0.402147
0.356500
0.340844
0.366473
0.397956
0.477651
0.524072
0.506940
0.503127
0.822958
0.747064
0.554709
0.515412
0.626950
0.688684
0.699214
0.553680
0.386714
0.324683
0.325436
0.365207
0.385554
0.409850
0.427358
0.463845
0.212644
0.275345
0.347990
0.561646
0.719393
0.754961
0.756285
0.677317
0.531345
0.470494
0.533753
0.473923
0.393066
0.367571
0.374467
0.424874
0.334211
0.518653
0.516644
0.540234
0.469526
0.454522
0.456763
0.422277
0.512301
0.630106
0.743770
0.783129
0.753920
0.655462
0.507317
0.419214
0.470467
0.534540
0.504951
0.568990
0.489953
0.466139
0.381827
0.359794
0.454264
0.491419
0.449712
0.451462
0.448102
0.466031
0.562022
0.547645
0.361932
0.466985
0.486330
0.531668
0.581521
0.606926
0.595214
0.537623
0.568934
0.596427
0.562170
0.510814
0.383674
0.355714
0.565466
0.501841
0.373614
0.491002
0.529626
0.513287
0.513309
0.508911
0.564188
0.596024
0.638340
0.634813
0.603933
0.537914
0.411820
0.367747
0.429109
0.477221
0.423659
0.496997
0.512717
0.572091
0.474361
0.397295
0.490837
0.546458
0.588803
0.603080
0.602776
0.546434
0.427136
0.422791
0.411125
0.495992
0.605339
0.726564
0.817610
0.828590
0.787193
0.722755
0.761605
0.826253
0.831093
0.723393
0.564708
0.537480
0.416206
0.391219
0.497192
0.605993
0.545772
0.640905
0.683964
0.604465
0.600013
0.637743
0.644874
0.566889
0.446275
0.409765
0.391458
0.384581
0.309024
0.245160
0.273586
0.434222
0.268639
0.205334
0.233273
0.363833
0.509057
0.467205
0.433112
0.437937
0.430649
0.482881
0.500709
0.424790
0.363814
0.163555
0.087557
0.218020
0.222712
0.169687
0.148005
0.160661
0.134003
0.143829
0.175443
0.193513
0.205043
0.213380
0.213897
0.184648
0.203226
0.113690
0.087375
0.215341
-0.608140
-0.308758
-0.198803
-0.037544
0.023454
0.154278
0.318454
0.477352
0.557927
0.555740
0.416341
0.302842
0.261209
0.146657
-0.015106
-0.421356
-0.894124
-0.695145
-0.585537
-0.820346
-0.335278
-0.191355
0.019776
0.275185
0.463631
0.446169
0.266787
0.163323
0.049143
-0.169368
-0.589235
-0.880774
-0.741980
-0.729850
-0.907765
-0.859111
-0.559865
-0.450774
-0.241618
-0.023647
0.175620
0.216532
0.097781
0.042616
0.052802
-0.070056
-0.499654
-0.912269
-1.065084
-0.941593
-0.927044
-1.062180
-0.636635
-0.572361
-0.326948
-0.036499
0.127578
0.106017
-0.030993
-0.120682
-0.135433
-0.220209
-0.472418
-0.931494
-1.116902
-0.882865
-0.828773
-0.786332
-0.611641
-0.496690
-0.331560
-0.008963
0.139684
0.089554
-0.088851
-0.162531
-0.227749
-0.312949
-0.527659
-0.934919
-1.164214
-0.990176
-0.823233
-0.768067
-0.634972
-0.509567
-0.301472
-0.028819
0.098549
0.043951
-0.165469
-0.160192
-0.166279
-0.259727
-0.484253
-0.913128
-1.230011
-1.132243
-0.898291
-0.969729
-0.859553
-0.801387
-0.524620
-0.308310
-0.199945
-0.191544
-0.206477
-0.143233
-0.167259
-0.232911
-0.456063
-0.890123
-1.490998
-1.460844
-0.947224
-0.856829
-0.763068
-0.644371
-0.606334
-0.495947
-0.451131
-0.449563
-0.622823
-0.420298
-0.400849
-0.392796
-0.515132
-0.983393
-1.699941
-1.608166
-0.787608
-0.587143
-0.205366
-0.060130
-0.088150
-0.205481
-0.250612
-0.390856
-0.560231
-0.639421
-0.638613
-0.586663
-0.723991
-1.174795
-1.752571
-1.463007
-0.776572
-0.570068
-0.211323
0.054528
0.185320
0.220984
0.239474
0.006390
-0.200928
-0.222754
-0.494718
-0.661282
-0.850890
-1.064955
-1.694268
-1.191276
-0.623479
-0.452777
-0.299536
-0.108850
0.076035
0.277094
0.277096
0.103291
-0.161163
-0.173939
-0.461243
-0.731179
-1.062381
-1.082254
-1.447695
-0.883570
-0.425866
-0.252249
-0.193855
-0.186557
-0.028020
0.237032
0.294510
0.077056
-0.120000
-0.221970
-0.500876
-0.871297
-1.102062
-1.173389
-1.225068
-0.648011
-0.363766
-0.321282
-0.163391
-0.329170
-0.280324
-0.019691
0.159107
-0.006608
-0.255239
-0.362370
-0.655316
-0.915806
-1.048553
-1.047840
-1.391618
-0.542837
-0.189646
-0.016266
-0.203556
-0.495998
-0.356021
-0.015159
0.153068
-0.056874
-0.238954
-0.423496
-0.635285
-0.890161
-1.054458
-0.987302
-1.435830
-0.642481
-0.161959
0.300184
0.081186
-0.261590
-0.213185
0.034317
0.133411
0.010014
-0.043989
-0.164958
-0.342892
-0.712973
-0.939460
-0.848386
-0.949946
-0.685625
-0.063627
0.250239
0.291439
0.161730
0.064181
0.106567
0.134544
0.051324
-0.035666
-0.121460
-0.171802
-0.472478
-0.612829
-0.695361
-0.384460
-0.384109
-0.532200
-0.402824
-0.327055
-0.412922
-0.527781
-0.646716
-0.794010
-1.012335
-1.227987
-1.373746
-1.516877
-1.516972
-1.370921
-0.818358
-0.130869
0.426259
0.271708
-0.017728
-0.141903
-0.212737
-0.301026
-0.348019
-0.378395
-0.478800
-0.523710
-0.600013
-0.672774
-0.673714
-0.626160
-0.165303
-0.124258
-0.030403
-0.022021
0.033968
-0.142218
-0.218631
-0.353880
-0.351729
-0.301394
-0.294022
-0.176118
-0.034967
0.115211
0.219098
0.206518
0.255229
0.194003
-0.116051
-0.237252
0.274237
-0.097329
-0.149932
-0.289093
-0.291977
-0.279216
-0.283838
-0.222262
-0.121178
0.077991
0.213193
0.260419
0.340505
0.779013
0.504452
-0.008233
0.090429
0.044758
0.009202
-0.008480
-0.111797
-0.233780
-0.289264
-0.247002
-0.158005
-0.074263
0.051537
0.152476
0.331121
1.191315
1.065657
0.599674
0.439057
0.428405
0.372103
0.349185
0.111642
-0.065258
-0.213782
-0.253835
-0.148816
-0.114637
-0.009655
0.101160
0.314077
1.209563
1.193479
0.563383
0.335817
0.295446
0.286817
0.084330
-0.045271
0.038242
0.029893
0.091159
0.024054
-0.040913
0.003177
0.084747
0.278531
1.054058
0.486258
0.208284
-0.043238
-0.011802
-0.022942
-0.023335
0.093254
0.103515
0.005249
-0.108902
-0.144824
-0.149596
0.039963
0.059139
0.077206
0.522939
0.098156
0.131656
-0.088067
-0.006393
-0.132337
-0.008018
0.281084
0.240983
-0.051635
-0.141272
-0.112483
-0.175534
-0.147574
0.000842
-0.056573
0.203565
0.071295
0.143395
-0.050954
-0.069282
-0.090880
-0.052732
0.037014
0.011962
-0.071024
-0.037594
0.089182
0.058164
0.075390
0.217089
0.124706
-0.031868
-0.108951
-0.062269
-0.077643
-0.121314
-0.239681
-0.206997
-0.149089
-0.098781
-0.142716
0.009313
0.015263
-0.018626
-0.054889
0.205004
0.111357
-0.045488
-0.042583
-0.057539
0.050560
-0.047603
-0.228136
-0.188022
-0.094707
0.005321
-0.098408
-0.129873
-0.079871
-0.075736
-0.252112
0.018042
0.083528
0.223444
0.118627
-0.028986
0.004404
-0.132278
-0.207121
-0.196777
-0.176885
-0.177126
-0.373714
-0.451521
-0.155468
-0.148391
-0.383565
-0.120740
0.043769
0.273310
-0.139283
-0.354930
-0.453736
-0.286175
-0.442947
-0.544270
-0.475880
-0.363450
-0.477543
-0.527517
-0.162970
-0.181936
-0.437122
-0.137708
0.033250
-0.045750
-0.484435
-0.639092
-0.717341
-0.452548
-0.514361
-0.536645
-0.433334
-0.276004
-0.352109
-0.425765
-0.170367
-0.254510
-0.427791
-0.064322
-0.042294
-0.324584
-0.615112
-0.855270
-0.931497
-0.736145
-0.601469
-0.497965
-0.451749
-0.504330
-0.620600
-0.690944
-0.525487
-0.579349
-0.599221
-0.414789
-0.356563
0.000036
0.000005
0.000005
0.000007
0.000004
0.000002
0.000003
0.000003
0.000006
0.000005
0.000003
0.000002
0.000001
0.000001
0.000001
0.000001
0.000410
0.000029
0.000052
0.000051
0.000008
0.000003
0.000009
0.000012
0.000033
0.000027
0.000010
0.000009
0.000005
0.000004
0.000005
0.000006
0.000222
0.995716
0.652271
0.000022
0.000011
0.000002
0.000005
0.000006
0.000017
0.000021
0.000011
0.000019
0.000020
0.000029
0.000024
0.000063
0.000156
0.016381
0.000351
0.000025
0.000011
0.000002
0.000004
0.000004
0.000015
0.000019
0.000012
0.000021
0.000013
0.000019
0.000018
0.000061
0.000081
0.000002
0.000002
0.000003
0.000001
0.000000
0.000000
0.000001
0.000005
0.000003
0.000002
0.000004
0.000006
0.000008
0.000007
0.000029
0.356353
0.000269
0.000017
0.000000
0.000000
0.000000
0.000001
0.000001
0.000002
0.000001
0.000001
0.000002
0.000003
0.000005
0.000003
0.000014
0.318862
0.000032
0.000004
0.000000
0.000001
0.000000
0.000000
0.000001
0.000001
0.000001
0.000001
0.000003
0.000003
0.000004
0.000002
0.000007
0.000046
0.000000
0.000003
0.000000
0.000002
0.000000
0.000002
0.000002
0.000002
0.000001
0.000000
0.000000
0.000001
0.000004
0.000003
0.000006
0.000013
0.000000
0.000005
0.000001
0.000001
0.000000
0.000002
0.000003
0.000008
0.000002
0.000000
0.000001
0.000001
0.000003
0.000002
0.000017
0.000003
0.000000
0.000004
0.000001
0.000001
0.000001
0.000002
0.000002
0.000003
0.000001
0.000001
0.000002
0.000001
0.000002
0.000006
0.000004
0.000001
0.000001
0.000003
0.000001
0.000001
0.000001
0.000001
0.000001
0.000001
0.000001
0.000002
0.000013
0.000002
0.000000
0.000112
0.000001
0.000001
0.000001
0.000001
0.000000
0.000000
0.000000
0.000000
0.000000
0.000001
0.000002
0.000003
0.000027
0.000003
0.000000
0.000001
0.000000
0.000001
0.000001
0.000000
0.000000
0.000000
0.000000
0.000000
0.000001
0.000003
0.000001
0.000000
0.000004
0.000001
0.000000
0.000000
0.000000
0.000001
0.000000
0.000000
0.000000
0.000000
0.000000
0.000000
0.000001
0.000005
0.000002
0.000000
0.000005
0.000000
0.000000
0.000000
0.000000
0.000000
0.000000
0.000000
0.000000
0.000000
0.000000
0.000000
0.000001
0.000002
0.000001
0.000001
0.000008
0.000000
0.000000
0.000000
0.000000
0.000000
0.000000
0.000000
0.000000
0.000000
0.000000
0.000001
0.000003
0.000004
0.000007
0.000007
0.000014
0.000004
0.000001
0.000000
0.000000
0.068005
0.034050
0.025497
0.013673
0.018186
0.022526
0.027650
0.031271
0.031344
0.029800
0.028570
0.042003
0.083296
0.104545
0.062657
0.045538
0.038821
0.019509
0.027728
0.004936
0.013287
0.019655
0.020705
0.020671
0.016910
0.014294
0.012454
0.017424
0.035830
0.042944
0.020403
0.023627
0.031522
0.041989
0.062606
0.008277
0.032622
0.045869
0.049354
0.044596
0.030029
0.017034
0.008274
0.006565
0.008616
0.010164
0.005687
0.013994
0.144320
0.105026
0.106092
0.049461
0.063617
0.105388
0.123484
0.112469
0.063498
0.022802
0.006821
0.003389
0.003017
0.003194
0.002181
0.008386
0.037640
0.009381
0.021774
0.036315
0.095491
0.292850
0.461350
0.437539
0.145354
0.026816
0.005296
0.002220
0.001633
0.001541
0.001156
0.006024
0.033566
0.016457
0.009172
0.046465
0.511901
0.923252
0.973514
0.948230
0.578582
0.090155
0.020627
0.010062
0.005152
0.002731
0.001560
0.006774
0.065283
0.082565
0.025042
0.338881
0.971395
0.998709
0.999496
0.997703
0.936220
0.687265
0.748365
0.718261
0.466487
0.100971
0.012318
0.014947
0.185703
0.227334
0.095594
0.718569
0.993689
0.999713
0.999860
0.998696
0.973912
0.973752
0.996030
0.996549
0.990426
0.930709
0.394922
0.049064
0.321786
0.256645
0.121284
0.603482
0.962485
0.995911
0.997148
0.984042
0.921130
0.981387
0.999135
0.999708
0.999359
0.991011
0.781700
0.217031
0.376554
0.245122
0.111026
0.286581
0.591901
0.803659
0.811615
0.639255
0.476771
0.867979
0.995645
0.999074
0.998042
0.974772
0.650212
0.328577
0.214186
0.142356
0.113328
0.240688
0.281419
0.238634
0.173235
0.127557
0.163701
0.729092
0.990957
0.996944
0.982066
0.732337
0.224561
0.249306
0.067337
0.078678
0.303373
0.773227
0.746657
0.385351
0.237255
0.419518
0.725015
0.958862
0.995330
0.994856
0.917774
0.286937
0.082116
0.181466
0.019515
0.130918
0.862762
0.991678
0.989674
0.964312
0.945544
0.979908
0.990786
0.995164
0.996842
0.990817
0.775642
0.122694
0.050121
0.155185
0.017099
0.273548
0.951234
0.998267
0.999017
0.998191
0.997181
0.997927
0.997390
0.995180
0.991248
0.966099
0.583120
0.091891
0.064555
0.120093
0.037186
0.296411
0.908117
0.995137
0.998816
0.998910
0.997807
0.995700
0.987574
0.965663
0.926669
0.802230
0.316028
0.087735
0.070132
0.090510
0.068320
0.226007
0.704003
0.944968
0.980889
0.981353
0.959396
0.920300
0.841534
0.776774
0.694979
0.501866
0.218443
0.082339
0.056711
0.075321
0.938826
0.961010
0.975571
0.985142
0.979700
0.975857
0.970832
0.965832
0.963762
0.966809
0.970582
0.963010
0.937194
0.928165
0.960304
0.964189
0.969427
0.978750
0.981056
0.995913
0.986677
0.980230
0.977121
0.976965
0.979298
0.981227
0.984244
0.978724
0.963191
0.957338
0.981855
0.979482
0.971307
0.954746
0.931093
0.994651
0.971229
0.957802
0.953155
0.958609
0.972087
0.983095
0.991190
0.992326
0.989181
0.987082
0.993525
0.987822
0.875099
0.894821
0.880559
0.951909
0.943349
0.911865
0.893064
0.907036
0.949845
0.981286
0.993794
0.996579
0.996810
0.996482
0.997733
0.993061
0.971294
0.989453
0.981504
0.961817
0.902116
0.700868
0.547172
0.630470
0.881556
0.978105
0.995452
0.997951
0.998283
0.998344
0.998863
0.994790
0.970519
0.987605
0.990548
0.941503
0.469293
0.076984
0.034337
0.068487
0.473407
0.927106
0.984802
0.992668
0.995849
0.997422
0.998511
0.994121
0.942307
0.941909
0.978056
0.596010
0.020831
0.000795
0.000342
0.001755
0.064649
0.341601
0.343878
0.427951
0.715102
0.938164
0.990445
0.987402
0.817134
0.853403
0.916723
0.208948
0.004250
0.000158
0.000076
0.000585
0.012515
0.017604
0.003171
0.003065
0.011063
0.103443
0.711143
0.960116
0.700800
0.797035
0.893561
0.374725
0.028582
0.003039
0.001996
0.010729
0.047111
0.012116
0.000548
0.000168
0.000402
0.006229
0.199135
0.801199
0.649511
0.775284
0.890557
0.725033
0.389322
0.186158
0.173825
0.356263
0.480586
0.110477
0.003829
0.000649
0.001549
0.019836
0.307324
0.731712
0.782174
0.835698
0.876705
0.774262
0.735495
0.756248
0.817483
0.876904
0.834957
0.244855
0.009029
0.002943
0.017268
0.223799
0.733851
0.815620
0.921394
0.886494
0.673105
0.259188
0.309330
0.649861
0.792261
0.664105
0.346174
0.051318
0.005578
0.005222
0.071960
0.633328
0.881389
0.842688
0.974885
0.801309
0.112030
0.007511
0.009462
0.043059
0.076599
0.029282
0.012443
0.005598
0.003072
0.008810
0.172503
0.816185
0.920012
0.836549
0.977062
0.598562
0.030276
0.001070
0.000493
0.001026
0.001894
0.001510
0.001938
0.003354
0.006324
0.030993
0.366014
0.843284
0.905841
0.849578
0.952553
0.569448
0.087594
0.004140
0.000855
0.000792
0.001701
0.004122
0.013649
0.038831
0.083528
0.230940
0.655700
0.862408
0.900557
0.890005
0.928681
0.766481
0.403504
0.091538
0.029949
0.027422
0.049278
0.101918
0.190219
0.265615
0.353221
0.541405
0.804809
0.909888
0.940433
0.936888
0.437071
0.519877
0.330802
0.550665
0.484626
0.488653
0.475941
0.482328
0.491959
0.429667
0.455774
0.522333
0.562202
0.472817
0.394512
0.305618
0.584468
0.768450
0.074120
0.495449
0.447039
0.451745
0.447820
0.443966
0.460690
0.368580
0.415521
0.454907
0.476303
0.378403
0.293583
0.210714
0.713044
0.906152
0.001748
0.512043
0.482886
0.441111
0.458749
0.458705
0.492427
0.379114
0.461392
0.511827
0.540213
0.462099
0.361136
0.301306
0.573015
0.882862
0.028492
0.524734
0.443463
0.449229
0.457192
0.450040
0.484723
0.371567
0.434723
0.477590
0.517686
0.474864
0.392901
0.354219
0.528316
0.565043
0.147941
0.600658
0.531653
0.481927
0.469381
0.420254
0.472376
0.378431
0.434229
0.484478
0.520984
0.451844
0.377425
0.371123
0.719417
0.099680
0.337011
0.662751
0.692821
0.669841
0.556662
0.318207
0.416111
0.380962
0.429946
0.438288
0.501375
0.442147
0.377571
0.385324
0.782814
0.058981
0.411447
0.792053
0.852626
0.822255
0.694771
0.296663
0.410305
0.509286
0.517070
0.427938
0.406485
0.337292
0.355993
0.421778
0.845617
0.121381
0.486122
0.736472
0.825170
0.784052
0.647163
0.269811
0.411341
0.669563
0.771236
0.597096
0.452121
0.279298
0.365258
0.306738
0.824580
0.169726
0.491175
0.609384
0.735365
0.734496
0.619111
0.398549
0.502253
0.735069
0.845807
0.692319
0.476231
0.289804
0.405589
0.159518
0.760221
0.261766
0.530169
0.549356
0.612430
0.606875
0.562318
0.512147
0.563844
0.764034
0.892680
0.740795
0.537767
0.496367
0.582835
0.032282
0.669224
0.386245
0.509974
0.500323
0.449925
0.490985
0.510013
0.554997
0.524171
0.701417
0.865311
0.671378
0.526433
0.685169
0.806908
-0.001621
0.623544
0.576167
0.582169
0.525309
0.331311
0.390757
0.530501
0.620079
0.600554
0.708025
0.808432
0.600363
0.534683
0.773794
0.909328
-0.009718
0.682310
0.797851
0.813172
0.756049
0.503614
0.503662
0.685724
0.752593
0.666678
0.625283
0.731072
0.607210
0.617708
0.874130
0.963020
-0.016274
0.803545
0.886640
0.893981
0.835701
0.643754
0.589124
0.716339
0.674213
0.593713
0.507760
0.667073
0.595556
0.638226
0.927074
0.963661
-0.015952
0.791069
0.817996
0.795542
0.793110
0.635629
0.522810
0.624175
0.547459
0.517923
0.454478
0.601359
0.587428
0.649446
0.897028
0.875752
-0.003927
0.671949
0.665035
0.625818
0.641043
0.539775
0.462525
0.545928
0.483735
0.493925
0.459800
0.496404
0.480058
0.516048
0.734887
0.733802
0.069273
0.541481
0.525247
0.533931
0.626551
0.656292
0.672069
0.689546
0.689023
0.684655
0.664721
0.636778
0.629772
0.614002
0.612637
0.585594
0.560398
0.633669
0.878418
0.827654
0.540829
0.580194
0.544930
0.546393
0.551522
0.541618
0.541049
0.544079
0.530782
0.499680
0.494726
0.507707
0.532416
0.647350
0.822303
0.813662
0.669971
0.578342
0.593201
0.589651
0.597735
0.593146
0.607444
0.609623
0.609003
0.608007
0.592754
0.571898
0.583153
0.268961
0.005809
0.023762
0.300434
0.429754
0.515061
0.571126
0.577856
0.534462
0.510073
0.506479
0.497215
0.514475
0.527865
0.561270
0.564944
0.737559
0.633681
0.580722
0.611191
0.625822
0.701052
0.698493
0.620114
0.514222
0.474414
0.496038
0.502723
0.551105
0.563732
0.565843
0.546245
0.804428
0.801968
0.693200
0.677772
0.772939
0.813030
0.827605
0.741870
0.555481
0.499119
0.529001
0.534762
0.539297
0.517482
0.526927
0.523399
0.233299
0.209909
0.349986
0.554527
0.688570
0.731748
0.767328
0.724773
0.607353
0.589989
0.699608
0.671562
0.604229
0.517497
0.490323
0.502270
0.260321
0.357843
0.470789
0.512924
0.463027
0.498402
0.537596
0.530974
0.587141
0.646618
0.780993
0.832763
0.839049
0.762380
0.604045
0.449188
0.375355
0.540714
0.548539
0.553226
0.451210
0.467366
0.448527
0.443639
0.473145
0.518866
0.577604
0.576416
0.595019
0.680803
0.772585
0.647101
0.327793
0.544575
0.544386
0.553257
0.557411
0.556690
0.528634
0.506349
0.523750
0.555933
0.592307
0.571206
0.487202
0.571401
0.741217
0.747382
0.371533
0.568503
0.590536
0.605342
0.614636
0.573546
0.599987
0.640441
0.651308
0.596784
0.584147
0.564391
0.517441
0.492848
0.593872
0.718670
0.486955
0.633470
0.670664
0.740591
0.669691
0.566422
0.613440
0.666821
0.665274
0.594686
0.568611
0.564653
0.573808
0.573203
0.596891
0.722240
0.641232
0.804891
0.870120
0.903531
0.890897
0.854738
0.831331
0.844659
0.826980
0.715441
0.549875
0.575916
0.566931
0.576374
0.665211
0.769103
0.603651
0.706428
0.819623
0.799201
0.766077
0.744028
0.731409
0.632135
0.500008
0.463091
0.473219
0.487172
0.417924
0.339469
0.345780
0.472261
0.374871
0.346527
0.404635
0.536673
0.616687
0.571095
0.539015
0.525490
0.501835
0.531422
0.521373
0.441217
0.329464
0.133953
0.083618
0.107714
0.326641
0.240568
0.238991
0.247503
0.217047
0.226104
0.244568
0.245686
0.231074
0.218077
0.218328
0.176821
0.142956
0.045742
0.037876
0.103641
-0.572590
-0.342646
-0.322229
-0.114923
-0.025186
0.118559
0.275303
0.418929
0.483545
0.461704
0.413664
0.370968
0.334379
0.119073
-0.090163
-0.404180
-0.621836
-0.991583
-0.672156
-0.577764
-0.323984
-0.076005
0.087108
0.257053
0.378847
0.366371
0.278365
0.198405
0.080455
-0.144809
-0.402730
-0.692165
-0.539464
-0.987666
-1.047750
-0.628106
-0.453870
-0.266475
-0.057409
0.112432
0.229638
0.201535
0.097746
0.020281
-0.024092
-0.201343
-0.468502
-0.733348
-0.828417
-1.066149
-1.009924
-0.837874
-0.445064
-0.292958
-0.070656
0.140856
0.183860
0.104035
-0.019161
-0.091254
-0.144145
-0.245953
-0.515823
-0.723354
-1.319958
-0.840513
-0.700303
-0.587143
-0.294298
-0.030065
0.112353
0.185917
0.249748
0.152770
-0.027513
-0.096004
-0.198882
-0.306439
-0.538412
-0.719986
-1.503956
-1.015341
-0.481845
-0.372880
-0.112392
0.131908
0.101436
0.193867
0.219237
0.146349
-0.003596
-0.155259
-0.231680
-0.320126
-0.510749
-0.706133
-1.540673
-1.308991
-0.498678
-0.368293
-0.125358
0.120629
-0.064505
-0.052520
0.019738
0.059890
0.072226
0.006280
-0.195231
-0.434500
-0.566525
-0.670265
-1.823227
-1.559441
-0.691007
-0.435898
-0.058797
0.217709
-0.118725
-0.162527
-0.065206
0.204457
0.096607
-0.061786
-0.256896
-0.483866
-0.758974
-0.893768
-1.729281
-1.567528
-0.662652
-0.463127
-0.010588
0.206728
0.152626
0.162863
0.379750
0.512490
0.297217
-0.142631
-0.514461
-0.731946
-0.948579
-1.220423
-1.607102
-1.403194
-0.613876
-0.381841
0.020312
0.336942
0.410360
0.547099
0.626811
0.587007
0.531621
0.036484
-0.317295
-0.674125
-1.152110
-1.407426
-1.401396
-1.068478
-0.401044
-0.217457
-0.035960
0.111000
0.398511
0.619957
0.681197
0.698594
0.480989
0.029732
-0.225860
-0.569856
-1.302669
-1.475731
-1.155585
-0.805355
-0.211021
-0.021122
0.100100
0.099932
0.238495
0.456923
0.537209
0.526701
0.281412
-0.163746
-0.347430
-0.738206
-1.373847
-1.726031
-1.147197
-0.484623
0.048660
0.229826
0.262969
0.131747
0.119473
0.356094
0.435659
0.356550
0.107218
-0.323189
-0.533948
-0.848916
-1.294110
-1.681555
-1.336696
-0.425036
0.232018
0.636785
0.381310
0.157825
0.088190
0.193909
0.126946
0.052607
-0.078073
-0.474989
-0.537884
-0.933924
-1.260249
-1.688038
-1.335515
-0.464849
0.198244
0.722862
0.345330
0.110121
-0.060243
0.022017
0.054522
0.140959
0.095630
-0.202985
-0.327782
-0.861274
-1.079020
-1.402431
-0.916849
-0.568688
0.002377
0.350376
0.191756
0.060822
-0.013790
0.046876
0.131201
0.077676
-0.001416
-0.131687
-0.289541
-0.407614
-0.480766
-0.901159
-0.499683
-0.354947
-0.395036
-0.413230
-0.425547
-0.542552
-0.680232
-0.803448
-0.925778
-1.108940
-1.314026
-1.417402
-1.431509
-1.329965
-1.101994
-0.676340
-0.449547
0.105624
-0.162884
-0.373390
-0.434690
-0.587522
-0.688997
-0.815418
-0.899518
-0.994949
-1.038270
-1.079964
-1.001058
-0.841686
-0.712053
-0.363167
-0.557269
-0.765720
-0.828138
-0.539713
-0.459178
-0.572712
-0.666800
-0.752792
-0.731740
-0.777139
-0.748059
-0.640201
-0.522953
-0.399875
-0.305459
-0.201433
-0.134935
-0.701052
-0.641972
-0.304321
-0.404232
-0.454808
-0.609485
-0.708713
-0.673315
-0.664938
-0.642193
-0.574753
-0.419121
-0.283723
-0.280354
-0.202238
0.584903
0.542910
0.261458
-0.059720
-0.042167
-0.075261
-0.116437
-0.308472
-0.546400
-0.595523
-0.580703
-0.530294
-0.467255
-0.334951
-0.329154
-0.205327
0.463866
0.475560
0.146393
0.232671
0.299616
0.368899
0.257555
0.031286
-0.183157
-0.322295
-0.412574
-0.417158
-0.422074
-0.351245
-0.359004
-0.204053
0.525568
0.565814
0.110637
0.226032
0.290848
0.197681
-0.048481
-0.220982
-0.017981
0.059329
0.064499
-0.067740
-0.092575
-0.154320
-0.292065
-0.200807
0.935786
0.533454
0.011286
0.048741
0.111733
0.063184
-0.048038
0.063146
0.149080
0.166847
-0.119643
-0.316559
-0.408401
-0.304507
-0.177614
-0.169331
0.675301
0.314387
-0.168133
-0.098353
0.209473
0.234035
0.181893
0.199302
0.143041
0.065874
-0.002955
-0.006725
-0.062574
-0.037069
0.129950
0.014455
0.455002
0.134624
-0.186846
-0.308627
-0.184871
-0.051252
0.027893
0.046615
0.001088
0.145088
0.046073
0.062456
0.035982
0.175208
0.223763
0.210930
0.311305
-0.035399
-0.283710
-0.350104
-0.424253
-0.465422
-0.452884
-0.423803
-0.329737
-0.109960
0.094781
0.021711
0.055723
0.205866
-0.064523
0.040377
0.125527
0.082762
-0.064612
-0.048607
-0.164571
-0.365273
-0.394945
-0.321206
-0.267624
-0.186448
-0.133858
-0.069376
0.061418
0.237305
-0.109489
0.015186
0.063580
0.140222
0.152539
0.004492
-0.145141
-0.190005
-0.174734
-0.292767
-0.445387
-0.344808
-0.180782
-0.078110
0.067125
0.132090
-0.252844
-0.165117
0.235695
0.193702
0.045196
-0.183536
-0.207668
-0.337149
-0.365814
-0.349446
-0.293549
-0.179222
-0.050348
0.075798
0.203032
0.094980
-0.279071
-0.158584
0.312652
0.085663
0.015266
-0.299883
-0.420568
-0.480385
-0.418826
-0.364381
-0.317203
-0.317325
-0.335028
-0.187263
-0.077284
-0.037816
-0.155527
0.165365
0.076045
0.052208
-0.014665
-0.104273
-0.211632
-0.243902
-0.155981
-0.149171
-0.198019
-0.289027
-0.354611
-0.259071
-0.248663
-0.245835
-0.087772
0.015120
0.000001
0.000001
0.000000
0.000001
0.000001
0.000000
0.000001
0.000001
0.000001
0.000001
0.000000
0.000000
0.000000
0.000000
0.000000
0.000000
0.000009
0.000042
0.000005
0.000002
0.000001
0.000000
0.000002
0.000003
0.000011
0.000007
0.000002
0.000002
0.000001
0.000001
0.000001
0.000000
0.000020
0.523783
0.016390
0.000000
0.000000
0.000000
0.000000
0.000000
0.000002
0.000002
0.000002
0.000004
0.000009
0.000016
0.000008
0.000006
0.000011
0.000355
0.000019
0.000001
0.000001
0.000000
0.000000
0.000000
0.000002
0.000003
0.000002
0.000004
0.000004
0.000010
0.000009
0.000012
0.000329
0.000001
0.000000
0.000000
0.000000
0.000000
0.000000
0.000000
0.000001
0.000001
0.000000
0.000001
0.000001
0.000003
0.000003
0.000007
0.587745
0.000353
0.000004
0.000000
0.000000
0.000000
0.000003
0.000003
0.000002
0.000000
0.000000
0.000001
0.000001
0.000002
0.000001
0.000003
0.668351
0.000091
0.000001
0.000000
0.000001
0.000000
0.000003
0.000002
0.000002
0.000001
0.000001
0.000003
0.000002
0.000002
0.000001
0.000002
0.000204
0.000000
0.000000
0.000000
0.000000
0.000000
0.000002
0.000002
0.000004
0.000002
0.000000
0.000001
0.000001
0.000002
0.000002
0.000001
0.000006
0.000000
0.000000
0.000000
0.000000
0.000000
0.000001
0.000005
0.000026
0.000004
0.000000
0.000001
0.000001
0.000001
0.000002
0.000001
0.000000
0.000000
0.000000
0.000000
0.000000
0.000000
0.000001
0.000002
0.000007
0.000002
0.000001
0.000005
0.000002
0.000002
0.000021
0.000001
0.000000
0.000000
0.000000
0.000000
0.000000
0.000000
0.000000
0.000000
0.000001
0.000001
0.000002
0.000019
0.000002
0.000000
0.000257
0.000000
0.000000
0.000000
0.000000
0.000000
0.000000
0.000000
0.000000
0.000000
0.000001
0.000001
0.000003
0.000029
0.000003
0.000000
0.000005
0.000000
0.000000
0.000000
0.000000
0.000000
0.000000
0.000000
0.000000
0.000001
0.000007
0.000001
0.000000
0.000005
0.000001
0.000000
0.000002
0.000000
0.000000
0.000000
0.000000
0.000000
0.000000
0.000000
0.000001
0.000003
0.000014
0.000002
0.000000
0.000004
0.000000
0.000000
0.000004
0.000000
0.000000
0.000000
0.000000
0.000000
0.000000
0.000000
0.000001
0.000002
0.000004
0.000001
0.000000
0.000008
0.000001
0.000000
0.000001
0.000000
0.000000
0.000000
0.000000
0.000000
0.000000
0.000000
0.000000
0.000001
0.000001
0.000001
0.000001
0.000003
0.000001
0.000000
0.000000
0.000000
0.049331
0.035193
0.024397
0.017289
0.020897
0.026903
0.030646
0.032966
0.033696
0.033806
0.036455
0.057625
0.107615
0.131141
0.097057
0.059049
0.038141
0.031571
0.028310
0.009300
0.013838
0.021839
0.024321
0.024622
0.020146
0.018453
0.017105
0.024089
0.045345
0.058533
0.036110
0.026969
0.084194
0.061289
0.080876
0.019191
0.035364
0.050495
0.056689
0.050150
0.031894
0.020261
0.012093
0.010051
0.012538
0.013954
0.009126
0.013780
0.144366
0.114548
0.094396
0.067544
0.078914
0.132176
0.158915
0.131487
0.065349
0.026531
0.010529
0.005605
0.004946
0.004758
0.003501
0.008569
0.024566
0.013422
0.033671
0.052620
0.175509
0.381519
0.478484
0.365155
0.126717
0.030865
0.008144
0.003562
0.002589
0.002277
0.001904
0.006405
0.031055
0.026256
0.023221
0.125289
0.663628
0.924255
0.944756
0.863439
0.509181
0.121130
0.030011
0.012595
0.006026
0.003195
0.002253
0.006495
0.060686
0.093704
0.055967
0.582835
0.981354
0.998778
0.998993
0.995542
0.946909
0.764463
0.682696
0.559517
0.309724
0.073494
0.015178
0.014081
0.130042
0.287753
0.155070
0.868754
0.996825
0.999826
0.999865
0.999239
0.991509
0.985442
0.994515
0.993908
0.982313
0.877324
0.406374
0.068388
0.197588
0.371852
0.204707
0.739140
0.982773
0.997863
0.998226
0.993709
0.977790
0.993782
0.999468
0.999770
0.999444
0.993671
0.872869
0.349258
0.237330
0.326564
0.173604
0.392352
0.730383
0.883892
0.880761
0.775600
0.755905
0.968272
0.998306
0.999580
0.999412
0.995534
0.891250
0.568561
0.134054
0.198030
0.156031
0.280216
0.340758
0.354144
0.289250
0.245544
0.349986
0.888604
0.994677
0.998159
0.996111
0.978999
0.661475
0.494647
0.060110
0.163878
0.375179
0.655323
0.604732
0.403652
0.297213
0.415483
0.683885
0.957555
0.994608
0.996302
0.986164
0.916774
0.381585
0.384131
0.037713
0.381095
0.903608
0.985529
0.982256
0.961034
0.938481
0.963812
0.981904
0.994761
0.998302
0.996569
0.978548
0.860739
0.351947
0.383419
0.054398
0.703485
0.984664
0.999096
0.999498
0.999324
0.998802
0.998796
0.998418
0.998337
0.998075
0.991854
0.961474
0.827280
0.474265
0.363428
0.115680
0.795467
0.985820
0.999069
0.999725
0.999789
0.999577
0.998954
0.996882
0.993922
0.988717
0.952715
0.846133
0.616102
0.370389
0.276439
0.097446
0.387525
0.831610
0.973930
0.989987
0.991711
0.985614
0.969381
0.941737
0.905245
0.845353
0.688115
0.412679
0.169093
0.093109
0.101444
0.932839
0.961145
0.970816
0.979322
0.978888
0.972529
0.965734
0.964728
0.963835
0.964751
0.958642
0.933216
0.873738
0.844274
0.891914
0.933406
0.938980
0.960547
0.960882
0.986641
0.981451
0.971959
0.967481
0.969489
0.975714
0.980296
0.981705
0.973193
0.951564
0.940540
0.965238
0.966619
0.894182
0.944562
0.906589
0.978844
0.956242
0.934336
0.920613
0.933120
0.957500
0.974864
0.986482
0.988948
0.987830
0.987339
0.992156
0.982840
0.828613
0.896348
0.881014
0.920738
0.916019
0.854506
0.816259
0.845306
0.918255
0.967841
0.987766
0.993497
0.994353
0.994655
0.996228
0.988430
0.956820
0.985534
0.960604
0.932765
0.817789
0.573102
0.427153
0.522598
0.809612
0.956489
0.989242
0.995642
0.996896
0.997246
0.997792
0.990891
0.962914
0.980908
0.976458
0.869381
0.329516
0.071092
0.049467
0.089725
0.364164
0.846762
0.962993
0.985100
0.992392
0.995784
0.997311
0.990585
0.927849
0.917271
0.930069
0.322892
0.017405
0.001613
0.001120
0.003884
0.050114
0.224101
0.289438
0.383212
0.620091
0.894406
0.981798
0.981396
0.847273
0.762119
0.758123
0.087132
0.003126
0.000231
0.000195
0.001021
0.009847
0.018516
0.006712
0.006592
0.017657
0.104848
0.537996
0.925720
0.741028
0.654376
0.721602
0.176864
0.013316
0.002075
0.002580
0.008481
0.023986
0.007834
0.000835
0.000332
0.000621
0.005910
0.108670
0.604053
0.678485
0.654991
0.796768
0.547190
0.201583
0.083486
0.100823
0.186751
0.223338
0.038662
0.002777
0.000826
0.000943
0.005981
0.111189
0.435443
0.786483
0.770473
0.838764
0.705774
0.587575
0.563316
0.655299
0.741056
0.644250
0.123794
0.008993
0.003467
0.006721
0.032439
0.381343
0.550642
0.908996
0.842010
0.649335
0.331736
0.296829
0.494756
0.652163
0.570873
0.311730
0.046384
0.006699
0.005709
0.021482
0.133409
0.679914
0.678722
0.952580
0.687721
0.123741
0.022830
0.019998
0.038542
0.066104
0.039396
0.019764
0.006246
0.002680
0.005610
0.035594
0.236869
0.780026
0.716912
0.932919
0.329430
0.024406
0.002322
0.001057
0.001182
0.001992
0.002036
0.002337
0.002458
0.003098
0.011839
0.059424
0.302517
0.752568
0.725115
0.874857
0.266013
0.023143
0.002018
0.000603
0.000407
0.000775
0.001687
0.004478
0.009941
0.018800
0.069887
0.234327
0.527228
0.811417
0.788381
0.888951
0.567078
0.159382
0.034135
0.013037
0.010636
0.018967
0.039506
0.078965
0.117492
0.181999
0.335178
0.592071
0.793997
0.902542
0.876444
0.458591
0.556783
0.551409
0.563753
0.571582
0.611750
0.635384
0.630458
0.598305
0.506167
0.501254
0.535663
0.511599
0.455674
0.385830
0.506360
0.489408
0.711126
0.264259
0.513330
0.509491
0.557514
0.585119
0.593739
0.576880
0.472215
0.510985
0.570991
0.570398
0.508865
0.478080
0.553514
0.770762
0.799264
0.172241
0.539401
0.513209
0.568333
0.607376
0.617749
0.604707
0.461946
0.480994
0.523798
0.514923
0.471905
0.434464
0.554345
0.594984
0.715614
0.117216
0.539890
0.471175
0.574939
0.601786
0.588583
0.567889
0.429635
0.433276
0.465355
0.465017
0.440314
0.406623
0.542028
0.465528
0.523146
0.257963
0.596936
0.585792
0.633636
0.634045
0.569081
0.535155
0.416200
0.433407
0.478336
0.477811
0.436009
0.405453
0.540431
0.554195
0.221735
0.471200
0.735596
0.787687
0.782120
0.659169
0.431471
0.453248
0.433094
0.471895
0.497653
0.483835
0.434007
0.406338
0.538761
0.506245
0.166982
0.577910
0.829855
0.891234
0.885930
0.717475
0.321583
0.381666
0.465524
0.550649
0.515244
0.435795
0.387906
0.361579
0.549947
0.458806
0.260814
0.585626
0.795195
0.880169
0.836975
0.518847
0.166475
0.288305
0.521714
0.690160
0.605259
0.397194
0.272508
0.315971
0.461430
0.416025
0.359996
0.582250
0.685203
0.771792
0.715642
0.442137
0.240608
0.386028
0.636505
0.745217
0.543656
0.232849
0.122799
0.181785
0.256868
0.382208
0.432933
0.552173
0.565430
0.654081
0.615201
0.530497
0.480394
0.543783
0.718694
0.832172
0.568442
0.230248
0.176120
0.203016
0.066137
0.402477
0.511893
0.587169
0.545077
0.548280
0.572789
0.613790
0.638939
0.622939
0.738950
0.839071
0.561205
0.254445
0.353257
0.416394
0.011202
0.430642
0.692604
0.715377
0.626715
0.512020
0.563106
0.709181
0.752520
0.701288
0.722301
0.737963
0.443619
0.265766
0.548903
0.571430
-0.003640
0.526968
0.841756
0.861667
0.748130
0.529582
0.563332
0.732651
0.771282
0.641178
0.527529
0.508732
0.336754
0.275922
0.721864
0.684811
-0.014697
0.631042
0.916288
0.935603
0.779289
0.498623
0.436644
0.607398
0.536019
0.354362
0.227603
0.284881
0.279322
0.312186
0.837755
0.705838
-0.016867
0.628060
0.929989
0.937093
0.780531
0.458911
0.292308
0.359031
0.280036
0.208041
0.163371
0.248385
0.280748
0.374355
0.862691
0.661891
-0.007281
0.628025
0.870262
0.890239
0.761723
0.498295
0.327707
0.328146
0.290877
0.296104
0.285080
0.354156
0.367543
0.478959
0.721084
0.586274
0.081509
0.625780
0.535447
0.517473
0.573798
0.529011
0.514139
0.532255
0.561757
0.588777
0.610946
0.644448
0.661025
0.675018
0.664060
0.677033
0.619421
0.675823
0.790388
0.675695
0.556662
0.534792
0.483316
0.469016
0.487351
0.515396
0.555694
0.619789
0.663516
0.686696
0.686971
0.689375
0.652381
0.681963
0.747790
0.691621
0.613155
0.588654
0.526284
0.506825
0.512975
0.519573
0.558365
0.597719
0.602341
0.601145
0.582489
0.608421
0.591102
0.430753
0.124640
0.130017
0.420478
0.504850
0.513196
0.499856
0.497888
0.480767
0.491499
0.497722
0.502162
0.528682
0.518126
0.558574
0.546522
0.748085
0.762804
0.541610
0.617738
0.637577
0.681224
0.650858
0.591673
0.533029
0.517132
0.526852
0.518001
0.540035
0.529437
0.541755
0.527848
0.786175
0.813085
0.620099
0.671101
0.688286
0.778760
0.753558
0.644613
0.563920
0.564568
0.602075
0.596693
0.590827
0.538138
0.535632
0.530440
0.376669
0.345219
0.350698
0.558026
0.693816
0.709425
0.631429
0.536541
0.558969
0.620824
0.690987
0.675684
0.637437
0.564878
0.559322
0.557628
0.410767
0.358303
0.402589
0.529326
0.543626
0.557130
0.527238
0.477386
0.546982
0.678404
0.770231
0.755406
0.747027
0.692579
0.653017
0.605999
0.627098
0.536805
0.502965
0.549070
0.460660
0.463614
0.372992
0.329640
0.427973
0.626012
0.698514
0.662444
0.637586
0.643249
0.706912
0.705028
0.627704
0.561289
0.531902
0.535084
0.475989
0.471809
0.402246
0.375290
0.442012
0.631693
0.720304
0.633146
0.493299
0.492724
0.685624
0.685871
0.671238
0.573183
0.590228
0.606640
0.543221
0.531133
0.513787
0.513534
0.557998
0.660059
0.709033
0.599265
0.456966
0.469993
0.539119
0.580266
0.700885
0.621381
0.650663
0.704125
0.602490
0.552428
0.582161
0.611829
0.635549
0.704318
0.704091
0.607594
0.515331
0.549400
0.504960
0.482815
0.757437
0.788750
0.885271
0.888007
0.812960
0.777460
0.791645
0.811059
0.790916
0.766491
0.723862
0.614115
0.533941
0.573570
0.538714
0.486710
0.767099
0.804413
0.847192
0.814895
0.756688
0.729459
0.720083
0.657585
0.602086
0.594871
0.606207
0.472085
0.395126
0.346946
0.262320
0.217105
0.684843
0.528154
0.436177
0.481986
0.532242
0.562793
0.548741
0.492785
0.437643
0.443723
0.458344
0.347843
0.268809
0.135673
0.049071
0.043145
0.634721
0.461490
0.272672
0.190866
0.160994
0.169691
0.205947
0.215940
0.227264
0.250729
0.280411
0.233224
0.182877
0.080692
0.049905
0.072890
-0.074987
-0.242005
-0.085192
-0.014391
-0.257039
-0.215288
-0.140021
-0.027457
0.092956
0.179328
0.321336
0.426115
0.501874
0.551143
0.591522
0.251357
-0.202419
-0.632248
-0.339281
-0.192936
-0.293951
-0.258755
-0.246896
-0.169323
-0.141831
-0.128507
-0.063976
0.024519
0.118041
0.048103
0.015758
-0.086782
-0.248450
-0.946198
-0.512530
-0.047342
-0.229940
-0.172693
-0.157808
-0.138303
-0.142785
-0.185822
-0.170408
-0.293545
-0.434384
-0.590298
-0.601310
-0.502700
-0.255809
-0.248462
-0.490518
-0.349756
-0.339746
-0.287835
-0.218544
-0.177972
-0.184821
-0.231698
-0.298344
-0.430114
-0.559028
-0.753997
-0.764511
-0.657918
-0.948995
-0.518088
-0.252528
-0.022725
-0.289311
-0.118989
-0.068263
-0.047183
-0.065872
-0.181224
-0.285055
-0.414244
-0.541406
-0.685374
-0.800530
-0.686362
-1.466123
-0.983536
-0.344564
-0.175380
-0.052933
0.251062
0.312382
0.343218
0.284200
0.058883
-0.100621
-0.236694
-0.369460
-0.598854
-0.735909
-0.674270
-1.411016
-0.884030
-0.115600
0.067547
0.419619
0.561939
0.562108
0.529857
0.551618
0.304267
0.171671
0.252576
0.175093
-0.106560
-0.466865
-0.527533
-1.203168
-0.388951
0.041241
0.458753
0.530594
0.739818
0.792363
0.670040
0.645337
0.570696
0.643446
0.655793
0.669028
0.447360
0.053437
-0.141203
-0.807736
-0.221608
-0.174342
0.082980
0.439988
0.580798
0.618112
0.572714
0.631346
0.634772
0.830525
0.855203
0.596648
0.429830
0.157720
0.022184
-0.631717
-0.178009
-0.442752
-0.392085
-0.135513
0.112915
0.068768
0.143185
0.296807
0.451092
0.605145
0.725000
0.676777
0.306779
-0.368665
-0.089857
-0.498396
-0.156649
-0.513301
-0.421225
-0.246444
-0.178568
-0.285045
-0.167161
0.054223
0.332890
0.547311
0.584554
0.700760
0.232541
-0.915060
-0.218079
-0.441283
-0.323818
-0.239310
-0.033124
0.220329
0.344122
0.211374
0.258688
0.395408
0.728325
0.680334
0.573494
0.603071
0.034700
-1.199523
-0.364077
-0.524498
-0.275832
0.301034
0.916906
1.032562
1.175358
1.051286
1.010948
0.804032
0.941149
0.992280
0.583446
0.501469
-0.214044
-1.385166
-0.670517
-0.314278
-0.158157
0.485283
0.976218
0.902730
1.028668
1.047146
0.885946
0.660882
0.758880
0.859922
0.465915
0.527632
-0.143608
-1.403837
-0.823629
0.123347
0.419807
0.723085
0.820575
0.854491
0.954512
0.888747
0.771578
0.606504
0.552829
0.496305
0.245496
0.308828
0.067218
-0.808742
-0.579682
0.043451
0.626988
0.958587
0.940727
0.700031
0.635635
0.474804
0.403370
0.356451
0.345572
0.440043
0.321113
0.390062
0.387946
-0.111820
-0.058550
0.051293
-0.081901
0.072616
-0.094148
-0.062359
-0.136391
-0.248898
-0.312516
-0.401655
-0.495747
-0.530798
-0.525862
-0.449526
-0.377710
-0.280164
-0.314187
-0.039645
-0.328175
-0.140712
-0.404320
-0.379088
-0.428218
-0.656163
-0.728062
-0.828307
-0.822168
-0.728403
-0.505140
-0.174028
0.017170
0.039367
-0.127377
-0.479360
-0.352512
-0.581502
-0.458920
-0.303718
-0.391472
-0.526638
-0.578161
-0.655889
-0.681814
-0.636885
-0.534491
-0.423221
-0.362017
-0.160902
-0.174159
0.285509
0.153558
0.016930
-0.033759
-0.288583
-0.253029
-0.509621
-0.539215
-0.618033
-0.686162
-0.701370
-0.680445
-0.495155
-0.395087
-0.283321
-0.224860
0.535560
0.894394
0.732968
0.268402
0.064704
0.073783
-0.190597
-0.260800
-0.507454
-0.550911
-0.596925
-0.633672
-0.526544
-0.416481
-0.273558
-0.162300
0.173144
0.325625
0.213632
0.228007
0.256487
0.250701
0.221403
0.206786
-0.205236
-0.355351
-0.431353
-0.482330
-0.485162
-0.429992
-0.299516
-0.159411
0.433133
0.595163
0.168242
0.443057
0.403825
0.654705
0.661536
0.809325
0.430854
0.268193
0.137684
-0.014837
-0.153963
-0.293089
-0.350835
-0.216538
0.919630
1.258315
0.289949
0.563219
0.422690
0.753429
1.153951
1.013202
0.701697
0.969855
0.933768
0.679089
0.689754
0.389830
0.146851
-0.168769
1.173505
1.197442
0.129829
0.345625
0.574287
0.980763
0.981648
0.707138
0.467051
0.782278
0.965530
1.162117
1.254601
0.974661
0.796208
0.448612
1.296487
1.012815
0.059366
0.002462
0.103888
0.442502
0.572946
0.404881
0.160215
0.409885
0.472942
0.743297
0.783059
0.793249
0.879816
0.667627
1.174909
0.796798
0.041402
-0.036261
-0.330233
-0.405906
-0.361400
-0.326873
-0.371239
-0.008675
0.320945
0.405235
0.498253
0.689848
0.505541
0.755171
0.674990
0.524178
0.199452
0.154536
-0.225957
-0.407412
-0.418850
-0.334702
-0.298690
-0.003256
0.184905
0.444285
0.455138
0.553526
0.268901
0.946269
0.351126
0.359638
0.509199
0.501535
0.319811
0.296400
0.128343
0.094079
0.038243
0.441482
0.700660
0.598781
0.483972
0.225653
0.079961
0.821557
0.384471
0.215523
0.178350
0.172343
0.439304
0.698945
0.536096
0.416940
0.388840
0.527612
0.747959
0.624717
0.528425
0.194064
0.140997
0.717128
0.719867
0.368786
0.169713
0.182578
0.251898
0.489571
0.480681
0.434892
0.393879
0.511950
0.621141
0.321877
0.419200
0.208728
0.498477
0.866692
0.678442
0.932221
0.990617
0.918096
0.714481
0.635770
0.752527
0.743793
0.646703
0.529461
0.483179
0.391646
0.363994
0.591653
0.826310
0.955333
0.000001
0.000000
0.000000
0.000001
0.000000
0.000000
0.000000
0.000000
0.000001
0.000000
0.000000
0.000000
0.000000
0.000000
0.000000
0.000000
0.000002
0.000002
0.000000
0.000000
0.000000
0.000000
0.000000
0.000000
0.000001
0.000000
0.000000
0.000000
0.000000
0.000000
0.000000
0.000000
0.000006
0.000335
0.000026
0.000000
0.000000
0.000000
0.000000
0.000000
0.000000
0.000000
0.000000
0.000001
0.000001
0.000001
0.000000
0.000001
0.000002
0.000002
0.000000
0.000000
0.000000
0.000000
0.000000
0.000000
0.000000
0.000000
0.000000
0.000000
0.000001
0.000001
0.000000
0.000002
0.000012
0.000000
0.000000
0.000000
0.000000
0.000000
0.000000
0.000000
0.000000
0.000000
0.000000
0.000000
0.000000
0.000000
0.000000
0.000001
0.001154
0.000006
0.000001
0.000000
0.000000
0.000000
0.000001
0.000001
0.000001
0.000000
0.000000
0.000000
0.000000
0.000000
0.000000
0.000000
0.000894
0.000002
0.000001
0.000000
0.000000
0.000000
0.000002
0.000003
0.000003
0.000001
0.000000
0.000002
0.000001
0.000000
0.000000
0.000000
0.000002
0.000000
0.000000
0.000000
0.000000
0.000000
0.000001
0.000003
0.000010
0.000004
0.000000
0.000001
0.000001
0.000001
0.000000
0.000000
0.000000
0.000000
0.000000
0.000000
0.000000
0.000000
0.000000
0.000003
0.000017
0.000002
0.000000
0.000001
0.000001
0.000001
0.000000
0.000000
0.000000
0.000000
0.000000
0.000000
0.000000
0.000000
0.000000
0.000001
0.000001
0.000000
0.000000
0.000001
0.000001
0.000001
0.000000
0.000000
0.000000
0.000000
0.000000
0.000000
0.000000
0.000000
0.000000
0.000000
0.000000
0.000000
0.000000
0.000007
0.000002
0.000001
0.000000
0.000000
0.000000
0.000000
0.000000
0.000000
0.000000
0.000000
0.000000
0.000000
0.000001
0.000001
0.000002
0.000017
0.000003
0.000000
0.000000
0.000000
0.000000
0.000000
0.000000
0.000000
0.000001
0.000000
0.000000
0.000001
0.000006
0.000002
0.000000
0.000005
0.000001
0.000000
0.000000
0.000000
0.000000
0.000000
0.000000
0.000000
0.000001
0.000000
0.000001
0.000003
0.000015
0.000002
0.000000
0.000004
0.000000
0.000000
0.000000
0.000000
0.000000
0.000000
0.000000
0.000000
0.000000
0.000000
0.000001
0.000002
0.000003
0.000001
0.000000
0.000002
0.000000
0.000000
0.000000
0.000000
0.000000
0.000000
0.000000
0.000000
0.000000
0.000000
0.000000
0.000000
0.000001
0.000000
0.000000
0.000001
0.000000
0.000000
0.000000
0.000000
0.087885
0.064451
0.039641
0.028423
0.025601
0.029055
0.034428
0.040919
0.045989
0.052580
0.074997
0.129858
0.236804
0.294286
0.257306
0.138040
0.107838
0.062002
0.057375
0.021420
0.016363
0.021915
0.025799
0.028987
0.026409
0.026300
0.031156
0.048930
0.093745
0.119797
0.098623
0.074604
0.182653
0.172004
0.156603
0.044110
0.030534
0.037073
0.042958
0.043128
0.031248
0.021303
0.014736
0.014923
0.020436
0.023848
0.021431
0.033076
0.195241
0.178098
0.178264
0.106640
0.062745
0.089833
0.111040
0.099411
0.056089
0.025706
0.012045
0.007080
0.006041
0.005734
0.005835
0.016163
0.077255
0.041359
0.046696
0.079065
0.135455
0.276539
0.352864
0.280917
0.107547
0.027875
0.009532
0.004590
0.003326
0.002831
0.002982
0.011199
0.073742
0.044134
0.031147
0.134725
0.537528
0.847646
0.879973
0.795780
0.453486
0.105545
0.027928
0.012451
0.006076
0.003549
0.003050
0.009745
0.138551
0.118607
0.064717
0.486272
0.935548
0.993665
0.996225
0.989609
0.906449
0.678812
0.519666
0.415046
0.227622
0.056554
0.014865
0.018367
0.244860
0.274072
0.177747
0.754085
0.985037
0.999273
0.999613
0.998677
0.987877
0.970089
0.980754
0.982700
0.956672
0.747321
0.376951
0.109130
0.389997
0.367207
0.235257
0.660882
0.964385
0.996729
0.997992
0.995644
0.984649
0.989230
0.998365
0.999386
0.998892
0.990371
0.903200
0.570315
0.409937
0.371073
0.197615
0.337939
0.689907
0.884003
0.913099
0.891268
0.845540
0.955782
0.996685
0.999327
0.999316
0.996462
0.950853
0.748216
0.259545
0.260898
0.177552
0.233655
0.299807
0.330251
0.319985
0.293291
0.368992
0.833230
0.987493
0.997277
0.997066
0.990071
0.878524
0.672324
0.127389
0.227336
0.397869
0.555893
0.511615
0.372020
0.262019
0.334953
0.566407
0.903775
0.988132
0.994659
0.991029
0.961527
0.769662
0.609427
0.109477
0.421166
0.869107
0.962984
0.963630
0.928525
0.883622
0.930135
0.966330
0.989362
0.997118
0.995995
0.988728
0.939674
0.745908
0.656193
0.176699
0.736358
0.979717
0.997917
0.998707
0.998311
0.997470
0.997533
0.997368
0.997722
0.997730
0.992534
0.976950
0.909854
0.731165
0.647460
0.285948
0.836179
0.982385
0.998872
0.999664
0.999683
0.999379
0.998869
0.997569
0.996024
0.992137
0.971452
0.916552
0.751926
0.514642
0.446213
0.192803
0.569313
0.897819
0.984087
0.994669
0.995706
0.992036
0.983447
0.968866
0.945018
0.906638
0.816296
0.616533
0.314555
0.167782
0.177159
0.920284
0.951965
0.961367
0.975718
0.972864
0.965320
0.959436
0.954786
0.953592
0.951026
0.940771
0.905547
0.830525
0.784944
0.837210
0.893067
0.888715
0.946443
0.965328
0.980375
0.982302
0.976428
0.970255
0.967896
0.969154
0.966406
0.960934
0.944540
0.902052
0.878950
0.903874
0.913351
0.829827
0.795109
0.836407
0.945773
0.965321
0.961220
0.954634
0.955733
0.966837
0.974261
0.978678
0.978373
0.973159
0.969913
0.973606
0.951705
0.791337
0.772181
0.849686
0.918339
0.941887
0.912595
0.897093
0.907587
0.946407
0.971854
0.985060
0.990755
0.992245
0.992484
0.992302
0.976400
0.935776
0.945783
0.954113
0.926582
0.870004
0.730932
0.651682
0.744369
0.905496
0.971560
0.989666
0.994773
0.996106
0.996579
0.995985
0.984133
0.912444
0.942859
0.959542
0.836643
0.404337
0.111622
0.094055
0.199426
0.559003
0.892018
0.966861
0.986320
0.993364
0.996155
0.996190
0.985703
0.856378
0.896187
0.926080
0.390924
0.035712
0.004063
0.002587
0.007822
0.065619
0.256549
0.349664
0.491532
0.728512
0.935434
0.982704
0.975547
0.775431
0.769862
0.810659
0.172444
0.009701
0.000637
0.000269
0.000882
0.007682
0.020348
0.012421
0.010558
0.022712
0.126264
0.565576
0.896008
0.719927
0.715054
0.786734
0.298818
0.029953
0.003198
0.001725
0.004221
0.011606
0.006983
0.001090
0.000333
0.000483
0.003806
0.061010
0.407407
0.683842
0.745593
0.841073
0.686457
0.352865
0.127153
0.087454
0.114806
0.129078
0.029884
0.002178
0.000411
0.000385
0.002002
0.031966
0.245474
0.764384
0.803735
0.847072
0.789732
0.761491
0.720359
0.737651
0.751094
0.633097
0.125930
0.009022
0.002176
0.002124
0.006883
0.076197
0.298304
0.862665
0.799038
0.617245
0.380736
0.475922
0.639995
0.735758
0.628733
0.364803
0.062665
0.008040
0.003356
0.006202
0.025384
0.135480
0.404552
0.880381
0.554402
0.123065
0.022647
0.024832
0.042409
0.067859
0.054536
0.031021
0.007237
0.002077
0.002253
0.007409
0.036597
0.146450
0.403031
0.826674
0.241129
0.020869
0.001458
0.000610
0.000762
0.001538
0.001739
0.001692
0.001618
0.001606
0.004079
0.013351
0.050926
0.136671
0.410926
0.747700
0.185631
0.017229
0.001216
0.000287
0.000183
0.000362
0.000841
0.001973
0.004424
0.008245
0.023145
0.064983
0.150613
0.261622
0.516995
0.785263
0.413578
0.112594
0.020527
0.008266
0.005752
0.009032
0.018701
0.034728
0.061569
0.112740
0.205042
0.350210
0.601504
0.742467
0.776495
