0.654971
0.577991
0.442528
0.311469
0.220007
0.368074
0.604991
0.572417
0.508030
0.528081
0.501651
0.476596
0.540118
0.542219
0.534664
0.375402
0.798527
0.539135
0.385407
0.284216
0.311404
0.434056
0.666558
0.538624
0.457375
0.491335
0.472267
0.425802
0.527400
0.569651
0.595499
0.311239
0.903242
0.601447
0.427487
0.504529
0.605445
0.511303
0.575068
0.479753
0.449831
0.529400
0.499991
0.424865
0.548235
0.633441
0.635231
0.304251
0.880578
0.615787
0.370908
0.428933
0.494653
0.440687
0.487734
0.457777
0.401842
0.503878
0.473045
0.388016
0.538605
0.578874
0.611701
0.318332
0.760924
0.588159
0.477208
0.430888
0.446048
0.393220
0.483952
0.472123
0.430262
0.550746
0.463324
0.363937
0.569482
0.559182
0.587253
0.330863
0.608805
0.506288
0.522620
0.411009
0.354903
0.420300
0.496032
0.440525
0.432182
0.659694
0.428122
0.284301
0.585647
0.594622
0.579869
0.356564
0.620313
0.510855
0.540837
0.404022
0.314777
0.469146
0.541386
0.553208
0.467376
0.807747
0.512563
0.127953
0.517964
0.619879
0.503270
0.368991
0.638787
0.509522
0.541689
0.413161
0.267198
0.423663
0.500175
0.446044
0.412187
0.725373
0.472713
0.199957
0.526108
0.614890
0.484605
0.368329
0.655735
0.517533
0.531270
0.405794
0.256395
0.413595
0.483065
0.408730
0.408340
0.601066
0.438670
0.341324
0.562637
0.613704
0.466223
0.358227
0.644162
0.533258
0.514591
0.365715
0.235886
0.403656
0.496981
0.429479
0.368817
0.526275
0.431849
0.300019
0.502063
0.567279
0.426524
0.356369
0.624768
0.508038
0.446478
0.322432
0.206486
0.348113
0.551040
0.479940
0.372676
0.507365
0.450234
0.291081
0.463964
0.545103
0.426704
0.366278
0.619539
0.400842
0.428598
0.426810
0.274751
0.304806
0.602641
0.557327
0.403391
0.492114
0.446202
0.295850
0.434743
0.502660
0.465694
0.337063
0.646873
0.341801
0.459662
0.539427
0.398891
0.300078
0.568956
0.642546
0.507894
0.499541
0.448726
0.308767
0.386024
0.505549
0.572451
0.235970
0.646127
0.367031
0.440715
0.535717
0.469102
0.286186
0.435634
0.671127
0.541095
0.466157
0.438948
0.351017
0.370132
0.544593
0.583389
0.094963
0.663427
0.397216
0.534566
0.607536
0.477425
0.270251
0.367225
0.630046
0.511015
0.484139
0.555752
0.481031
0.444137
0.575648
0.623699
0.063166
0.696960
0.539931
0.649096
0.654107
0.537376
0.418958
0.401214
0.583122
0.516355
0.606583
0.678130
0.582124
0.530858
0.646192
0.725160
0.153595
0.892087
0.769559
0.868502
0.693166
0.623840
0.465509
0.522275
0.615563
0.628744
0.628918
0.637324
0.583658
0.572507
0.555664
0.580135
0.600068
0.273557
0.100523
0.026768
0.013876
0.049051
0.154044
0.366982
0.490050
0.492695
0.483891
0.480237
0.452406
0.454096
0.453177
0.473441
0.508393
0.178749
0.145994
0.172504
0.375133
0.559816
0.597958
0.562908
0.495432
0.480120
0.476946
0.466996
0.421525
0.406407
0.391855
0.386854
0.436666
0.056373
0.067981
0.146970
0.451907
0.524886
0.496448
0.432339
0.389579
0.358966
0.339705
0.326830
0.273904
0.301012
0.310358
0.300081
0.385635
0.355107
0.442163
0.538064
0.525159
0.471446
0.407874
0.344745
0.335111
0.326474
0.314276
0.317193
0.255911
0.298115
0.311542
0.319395
0.403976
0.579353
0.575883
0.549481
0.481969
0.477907
0.470693
0.509401
0.600453
0.671800
0.704369
0.810499
0.579335
0.448019
0.457221
0.444572
0.455741
0.469542
0.467959
0.501683
0.503401
0.485056
0.445105
0.500547
0.633880
0.659274
0.665666
0.628244
0.450549
0.334283
0.418214
0.414962
0.470101
0.493464
0.509573
0.529612
0.494256
0.425637
0.363705
0.332730
0.360447
0.377474
0.343036
0.237342
0.231955
0.324546
0.450966
0.490758
0.532246
0.473762
0.473896
0.536943
0.526084
0.454880
0.484756
0.561726
0.675452
0.729244
0.732840
0.735249
0.613343
0.567194
0.617954
0.611799
0.577424
0.505087
0.505053
0.589280
0.577387
0.513051
0.485018
0.493704
0.612859
0.664027
0.680582
0.715653
0.570212
0.532574
0.567929
0.548099
0.532981
0.545385
0.528382
0.563650
0.540000
0.480266
0.413137
0.408492
0.603271
0.670442
0.666839
0.672522
0.567835
0.553636
0.587596
0.551308
0.514008
0.612333
0.717878
0.761666
0.799397
0.755260
0.576216
0.385249
0.490218
0.565882
0.602403
0.608124
0.564236
0.559909
0.562944
0.526088
0.510368
0.538597
0.688757
0.721323
0.695571
0.613520
0.520892
0.482628
0.469412
0.562240
0.582532
0.524370
0.489123
0.512106
0.510258
0.550895
0.524492
0.270787
0.290734
0.370959
0.489887
0.548246
0.540150
0.456413
0.526972
0.623788
0.653250
0.672664
0.701807
0.658485
0.618676
0.593147
0.539166
0.327720
0.438867
0.575030
0.733821
0.717200
0.557040
0.419484
0.486854
0.681210
0.783628
0.856176
0.816215
0.660621
0.490079
0.505772
0.512014
0.192858
0.142722
0.120033
0.089128
0.078292
0.120897
0.201826
0.277317
0.318394
0.226561
0.133842
0.082851
0.071791
0.053317
0.042666
0.113221
-1.121072
-0.266046
-0.004203
0.285903
0.247085
0.185108
0.241132
0.312457
0.369132
0.523923
0.600616
0.463461
0.231126
0.096207
-0.198012
-0.542318
-1.564911
-0.816716
-0.394266
-0.170316
-0.182597
-0.354436
-0.280986
-0.003991
0.218411
0.468225
0.607093
0.436920
0.110890
-0.038349
-0.465926
-0.913290
-1.672179
-0.966643
-0.444342
0.413253
0.243371
-0.116292
-0.347517
-0.073393
0.137340
0.359220
0.541117
0.318011
0.063653
-0.082409
-0.454846
-0.940245
-1.350420
-0.569264
-0.118548
0.269101
-0.111791
-0.536762
-0.604755
-0.173621
0.056200
0.336274
0.590074
0.306057
0.054739
-0.126981
-0.455662
-0.942769
-1.046238
-0.321335
0.108444
0.053311
-0.419532
-0.901645
-0.878505
-0.311622
-0.100704
0.257146
0.566989
0.285813
-0.030598
-0.222678
-0.529597
-0.970141
-1.007474
-0.478308
-0.127964
-0.194667
-0.705298
-1.175072
-0.996418
-0.366417
-0.094433
0.159415
0.679777
0.463713
-0.001319
-0.271113
-0.476488
-0.921217
-1.031913
-0.697311
-0.371039
-0.388473
-0.811824
-1.242615
-1.037006
-0.355960
0.153417
0.583187
0.756699
0.729496
0.082928
-0.296867
-0.545963
-0.973586
-1.081737
-0.834699
-0.497259
-0.486674
-0.964941
-1.456790
-1.172047
-0.546364
-0.172304
0.229784
0.607983
0.545880
-0.200890
-0.523417
-0.781609
-1.177530
-1.155705
-0.922130
-0.518769
-0.500015
-0.942666
-1.444348
-1.245422
-0.713914
-0.340398
0.041691
0.522743
0.283669
-0.266452
-0.492337
-0.773991
-1.199697
-1.190466
-0.872529
-0.418975
-0.373769
-0.662391
-1.146462
-1.089657
-0.720784
-0.440138
-0.056052
0.336668
0.288940
-0.250436
-0.473650
-0.788817
-1.204769
-1.245651
-0.677276
-0.254070
-0.136807
-0.280044
-0.702621
-0.866164
-0.606399
-0.308578
0.047172
0.351691
0.327266
-0.174459
-0.453417
-0.772638
-1.193206
-1.353868
-0.702965
-0.152440
-0.073419
-0.068350
-0.398252
-0.709409
-0.544517
-0.190791
0.140086
0.413116
0.352047
-0.131210
-0.408565
-0.769057
-1.151939
-1.658850
-0.650452
-0.087848
0.071114
-0.152942
-0.371199
-0.723515
-0.639679
-0.275479
-0.012016
0.279964
0.202566
-0.092236
-0.388117
-0.757946
-1.093060
-1.807494
-0.641152
0.131291
0.254744
-0.018665
-0.333327
-0.582453
-0.563486
-0.112620
0.126288
0.308536
0.278909
0.164595
-0.203893
-0.688513
-1.084378
-1.636892
-0.774226
-0.030419
0.360792
0.317265
0.023776
-0.280271
-0.129002
0.295992
0.457019
0.442085
0.300810
0.215815
-0.321120
-0.842838
-0.983191
-1.030002
-0.623643
-0.035000
0.286832
0.439309
0.254713
-0.151025
-0.042614
0.302970
0.537437
0.276845
0.049896
-0.135953
-0.613623
-1.139755
-0.818313
-0.736619
-1.204868
-1.323357
-1.363669
-1.142354
-1.055653
-1.056957
-0.957575
-0.955903
-0.937301
-0.947686
-1.046463
-1.074328
-1.057350
-0.968065
-0.577821
-0.154707
-0.623636
-0.677146
-0.880688
-0.647815
-0.409046
-0.460103
-0.401442
-0.444808
-0.473966
-0.524466
-0.569771
-0.512480
-0.479998
-0.412863
-0.130758
0.143802
-0.089127
-0.275422
-0.581395
-0.265632
-0.093756
-0.039618
-0.115069
-0.247820
-0.273767
-0.269930
-0.286002
-0.188121
-0.083588
0.075887
0.246722
0.326551
0.024874
0.061779
-0.015829
0.090985
0.121463
0.188511
0.094429
-0.075454
-0.106740
-0.104233
-0.140581
0.003408
0.162868
0.390997
0.456401
0.486921
0.406206
0.306136
0.186596
0.192089
0.319346
0.508848
0.273652
-0.005876
-0.097646
-0.019340
-0.133651
0.059940
0.268597
0.477940
0.540123
0.264243
0.331859
0.083177
0.220560
0.349344
0.597953
0.874918
0.735948
0.517091
0.619388
0.742917
0.362517
0.353560
0.607430
0.590639
0.618895
0.308168
0.296067
0.233425
0.398402
0.559538
0.913857
1.245207
1.149398
1.011551
1.147735
1.071559
1.011122
0.945808
0.940758
0.795399
0.644669
0.406806
0.415615
0.373345
0.364279
0.445125
0.800349
0.939062
0.753370
0.665456
0.748070
0.998774
0.657153
0.584046
0.582697
0.438647
0.457677
0.478910
0.482092
0.403400
0.289457
0.274879
0.419280
0.396791
0.203501
-0.022647
0.051940
0.396773
0.079688
0.070030
0.161332
0.125880
0.260608
0.493273
0.511162
0.317849
0.172275
0.155444
0.241624
0.183148
0.073856
-0.080819
-0.025300
0.156598
-0.081174
-0.086068
0.003005
0.064940
0.263471
0.304089
0.355632
0.159735
0.094038
0.157104
0.108836
0.011064
-0.055016
-0.170576
-0.165564
-0.111956
-0.273484
-0.257056
-0.103348
0.076816
0.303531
0.309650
0.344742
-0.018741
0.009438
-0.043859
-0.163207
-0.212219
-0.268812
-0.418014
-0.547817
-0.584137
-0.611189
-0.451859
-0.232660
0.017973
0.269087
0.142738
-0.111255
-0.365273
-0.441745
-0.191191
-0.140111
-0.307755
-0.455315
-0.645077
-0.842757
-0.823566
-0.794172
-0.538840
-0.243866
0.016372
0.199301
0.082350
-0.299450
-0.603160
-0.724832
-0.194140
-0.075569
-0.224190
-0.435371
-0.491233
-0.487630
-0.338143
-0.183044
-0.247332
-0.239316
-0.231141
-0.039849
-0.041435
-0.588960
-0.751146
-0.936133
-0.634203
-0.255815
-0.228410
-0.345792
-0.321940
-0.411489
-0.460149
-0.552738
-0.703589
-0.761376
-0.679464
-0.377383
-0.319596
-0.664998
-0.895719
-0.929818
-0.641215
-0.311813
-0.361899
-0.662726
-0.753540
-0.748371
-0.606198
-0.482653
-0.409207
-0.520487
-0.493385
-0.199887
0.000000
0.000000
0.000000
0.000000
0.000000
0.000001
0.000003
0.000004
0.000006
0.000008
0.000024
0.000019
0.000027
0.000060
0.000045
0.000036
0.000000
0.000000
0.000000
0.000000
0.000000
0.000000
0.000011
0.000010
0.000006
0.000005
0.000018
0.000008
0.000013
0.000032
0.000111
0.000269
0.000000
0.000000
0.000000
0.000000
0.000001
0.000014
0.000022
0.000007
0.000004
0.000004
0.000017
0.000005
0.000008
0.000023
0.000161
0.000575
0.000000
0.000000
0.000000
0.000001
0.000006
0.000009
0.000014
0.000004
0.000003
0.000002
0.000013
0.000004
0.000007
0.000014
0.000043
0.000355
0.000000
0.000000
0.000001
0.000008
0.000006
0.000004
0.000006
0.000003
0.000003
0.000001
0.000004
0.000002
0.000010
0.000013
0.000015
0.000197
0.000002
0.000003
0.000003
0.000002
0.000002
0.000001
0.000004
0.000001
0.000000
0.000000
0.000004
0.000001
0.000003
0.000008
0.000007
0.000113
0.000005
0.000004
0.000003
0.000002
0.000002
0.000001
0.000022
0.000009
0.000002
0.000001
0.002017
0.000010
0.000001
0.000009
0.000005
0.000026
0.000004
0.000003
0.000003
0.000002
0.000001
0.000000
0.000003
0.000001
0.000000
0.000000
0.000045
0.000001
0.000000
0.000002
0.000001
0.000005
0.000003
0.000003
0.000002
0.000001
0.000001
0.000000
0.000002
0.000000
0.000000
0.000000
0.000001
0.000001
0.000001
0.000003
0.000001
0.000007
0.000001
0.000001
0.000001
0.000000
0.000000
0.000000
0.000002
0.000000
0.000000
0.000000
0.000004
0.000001
0.000001
0.000002
0.000001
0.000006
0.000001
0.000000
0.000000
0.000000
0.000000
0.000000
0.000001
0.000001
0.000001
0.000001
0.000006
0.000001
0.000000
0.000002
0.000001
0.000005
0.000000
0.000000
0.000000
0.000000
0.000000
0.000001
0.000001
0.000002
0.000001
0.000001
0.000004
0.000001
0.000001
0.000002
0.000001
0.000003
0.000000
0.000000
0.000000
0.000000
0.000000
0.000000
0.000001
0.000002
0.000002
0.000002
0.000004
0.000001
0.000001
0.000001
0.000001
0.000002
0.000000
0.000000
0.000000
0.000000
0.000000
0.000000
0.000001
0.000003
0.000002
0.000001
0.000001
0.000001
0.000002
0.000001
0.000000
0.000000
0.000000
0.000000
0.000000
0.000000
0.000000
0.000001
0.000002
0.000013
0.000005
0.000004
0.000002
0.000001
0.000000
0.000000
0.000000
0.000000
0.000002
0.000001
0.000000
0.000000
0.000001
0.000001
0.000001
0.000004
0.000001
0.000000
0.000000
0.000000
0.000000
0.000000
0.000000
0.000000
0.062658
0.055588
0.071967
0.483179
0.795723
0.402033
0.025228
0.011214
0.016806
0.026679
0.032520
0.023644
0.016301
0.012643
0.009695
0.021090
0.067171
0.168182
0.239523
0.838588
0.898634
0.430497
0.015316
0.005606
0.012575
0.021223
0.019805
0.010365
0.004987
0.002995
0.002037
0.006336
0.048493
0.155749
0.101101
0.391016
0.275205
0.044294
0.005423
0.009433
0.036710
0.062821
0.044924
0.015707
0.005055
0.002846
0.001585
0.004874
0.049560
0.122203
0.065760
0.109642
0.031606
0.003997
0.004848
0.030296
0.119849
0.175131
0.111828
0.028156
0.005944
0.002642
0.001455
0.004900
0.015917
0.012803
0.011949
0.014669
0.005154
0.001385
0.009047
0.096622
0.310812
0.419931
0.290033
0.061086
0.006669
0.001985
0.001118
0.004858
0.007150
0.003336
0.004435
0.006762
0.003101
0.001092
0.014183
0.131599
0.370503
0.543964
0.340373
0.089255
0.005671
0.001739
0.001165
0.005382
0.006184
0.002602
0.003680
0.005751
0.003070
0.001026
0.009718
0.070780
0.208465
0.478293
0.317402
0.106584
0.004217
0.001251
0.001080
0.005607
0.006251
0.003067
0.004901
0.009666
0.006759
0.003052
0.018014
0.095183
0.338942
0.674329
0.371818
0.197990
0.013905
0.003306
0.002458
0.010167
0.007161
0.003831
0.005773
0.011779
0.010636
0.004936
0.012855
0.050279
0.217054
0.504617
0.264115
0.119096
0.013909
0.004408
0.004038
0.013590
0.006297
0.003534
0.005160
0.015256
0.027551
0.013210
0.011187
0.028402
0.120844
0.327616
0.236816
0.118479
0.023702
0.008276
0.007026
0.018813
0.005827
0.005438
0.019483
0.241647
0.519314
0.140022
0.014314
0.017416
0.062703
0.172488
0.142553
0.066767
0.019246
0.009158
0.009246
0.024341
0.010289
0.057672
0.571369
0.973810
0.989072
0.844405
0.087403
0.025607
0.055094
0.112647
0.085595
0.046309
0.021083
0.011606
0.012873
0.032758
0.029117
0.330617
0.935351
0.997958
0.999154
0.987391
0.555718
0.068003
0.065309
0.105091
0.092391
0.082006
0.060380
0.036790
0.043422
0.082802
0.031097
0.219416
0.883258
0.996899
0.999691
0.998037
0.831084
0.070540
0.026618
0.065530
0.262259
0.667218
0.666325
0.316788
0.199040
0.216898
0.021564
0.060376
0.596157
0.980475
0.998758
0.996803
0.781071
0.064242
0.017074
0.109108
0.739649
0.941941
0.899901
0.509002
0.309478
0.319648
0.041593
0.055864
0.401065
0.911314
0.985458
0.965238
0.599432
0.124321
0.067313
0.335872
0.858921
0.960908
0.908342
0.651949
0.469858
0.326806
0.927067
0.940850
0.935360
0.598784
0.292014
0.647045
0.972831
0.986210
0.978310
0.968574
0.962555
0.972161
0.980914
0.986888
0.991224
0.980913
0.835367
0.598233
0.705177
0.112691
0.091478
0.465270
0.980964
0.992749
0.984006
0.976001
0.977824
0.987683
0.994020
0.996422
0.998000
0.993839
0.854137
0.777411
0.905196
0.758367
0.771353
0.950866
0.993090
0.988734
0.961197
0.942969
0.958570
0.985115
0.994232
0.996430
0.998239
0.995491
0.879278
0.868616
0.943661
0.907684
0.970952
0.995770
0.994637
0.967043
0.883584
0.854262
0.904639
0.976585
0.993958
0.997101
0.998532
0.995893
0.982416
0.989928
0.990817
0.987006
0.995625
0.998840
0.991803
0.891358
0.677488
0.607220
0.731874
0.948893
0.993246
0.997762
0.998849
0.995885
0.991722
0.996743
0.995563
0.994194
0.997687
0.999059
0.985828
0.801773
0.513877
0.323635
0.637155
0.904163
0.993953
0.998110
0.998900
0.995854
0.993713
0.997392
0.996354
0.995304
0.997731
0.999058
0.988960
0.889838
0.691967
0.444249
0.667576
0.894564
0.995659
0.998484
0.999035
0.995674
0.994037
0.997055
0.995592
0.992830
0.995589
0.997774
0.983038
0.884879
0.614790
0.297405
0.612343
0.838281
0.988924
0.997058
0.998171
0.992284
0.993281
0.996377
0.994879
0.991269
0.993027
0.996293
0.989009
0.947763
0.790641
0.573866
0.779063
0.913692
0.987091
0.995716
0.997105
0.989836
0.993489
0.996203
0.994924
0.987771
0.981224
0.989282
0.990023
0.971223
0.890546
0.749523
0.804055
0.913015
0.979568
0.991938
0.994843
0.986052
0.992957
0.993344
0.977941
0.806114
0.595706
0.897715
0.988747
0.982755
0.944614
0.866873
0.888044
0.954804
0.983855
0.990849
0.992751
0.982576
0.986643
0.919381
0.423875
0.025440
0.015229
0.192825
0.932500
0.978688
0.951095
0.901836
0.927655
0.965002
0.980566
0.986309
0.987723
0.974719
0.957591
0.594499
0.051827
0.001396
0.000563
0.009014
0.453890
0.939405
0.938165
0.898697
0.920056
0.933814
0.942525
0.954691
0.949702
0.936145
0.951003
0.697882
0.100757
0.002397
0.000235
0.001188
0.133580
0.910677
0.970454
0.931147
0.743854
0.390327
0.392915
0.709892
0.813827
0.828630
0.967294
0.919491
0.454416
0.022343
0.001176
0.002715
0.135863
0.901333
0.979732
0.880914
0.282594
0.052677
0.096151
0.444222
0.690384
0.753218
0.952600
0.941001
0.661447
0.124251
0.023665
0.047528
0.344196
0.860605
0.942384
0.696479
0.158147
0.047108
0.095532
0.315975
0.512378
0.708879
0.968458
0.798413
0.564794
0.241068
0.179132
0.292454
0.497372
0.500946
0.495852
0.545959
0.502184
0.437895
0.483268
0.471304
0.423140
0.380401
1.006121
0.720698
0.225118
0.090248
0.116895
0.187539
0.466558
0.496243
0.450013
0.500607
0.446502
0.364767
0.468720
0.490240
0.460870
0.286361
1.009772
0.583728
0.150922
0.216776
0.397281
0.385476
0.543656
0.513789
0.443964
0.542028
0.468303
0.372182
0.512947
0.551305
0.506602
0.259999
0.962135
0.433598
0.192361
0.273098
0.411362
0.445034
0.568902
0.514717
0.409439
0.551819
0.453342
0.332737
0.536386
0.551674
0.526081
0.284446
0.816528
0.525385
0.421342
0.433971
0.417081
0.450207
0.575287
0.508113
0.422798
0.601716
0.451133
0.268583
0.557657
0.549123
0.514574
0.316642
0.654897
0.564743
0.553935
0.428210
0.333704
0.512819
0.604219
0.536727
0.507878
0.806733
0.505947
0.187871
0.526975
0.568525
0.485677
0.348343
0.627685
0.582225
0.566141
0.411508
0.300960
0.563953
0.613001
0.589117
0.498452
0.916323
0.560888
0.087453
0.504530
0.597362
0.394522
0.370033
0.655596
0.575356
0.574150
0.425536
0.260340
0.514442
0.592136
0.499323
0.444637
0.861763
0.559878
0.134363
0.468029
0.556170
0.343708
0.352688
0.673155
0.584329
0.566620
0.418117
0.249802
0.477465
0.561989
0.471229
0.408916
0.672993
0.455911
0.225583
0.529117
0.565628
0.326477
0.336607
0.684794
0.598411
0.553685
0.372151
0.232595
0.437032
0.558328
0.482909
0.393719
0.606014
0.439082
0.211407
0.464177
0.521888
0.319884
0.331552
0.720771
0.612162
0.559868
0.426905
0.215865
0.329531
0.551692
0.519150
0.403263
0.569903
0.436553
0.229464
0.425747
0.505543
0.339631
0.344188
0.787953
0.652441
0.731588
0.658949
0.297263
0.235139
0.455922
0.521076
0.407292
0.528962
0.428611
0.269912
0.421566
0.497336
0.396376
0.320702
0.876350
0.683462
0.822469
0.789335
0.400936
0.147941
0.317273
0.507481
0.445326
0.526431
0.433316
0.276355
0.363429
0.493630
0.535388
0.205308
0.870939
0.630379
0.809955
0.876776
0.600053
0.166369
0.162754
0.450452
0.445300
0.534865
0.581339
0.445806
0.442905
0.637287
0.736190
0.084804
0.842051
0.655224
0.829477
0.880081
0.656862
0.209315
0.152187
0.453457
0.498218
0.668628
0.783125
0.656125
0.554359
0.708844
0.743422
0.047050
0.693882
0.546787
0.660191
0.649555
0.456883
0.259734
0.225635
0.460073
0.497662
0.610523
0.656486
0.488600
0.394841
0.537281
0.629005
0.081588
0.954930
0.954572
0.994865
0.953592
0.848580
0.583564
0.499855
0.598769
0.645134
0.643217
0.635218
0.590806
0.566069
0.561794
0.570516
0.575411
0.512280
0.256206
0.276561
0.099549
0.157872
0.296773
0.485805
0.604305
0.640432
0.614234
0.577724
0.581461
0.590831
0.612089
0.642939
0.638760
0.220166
0.067567
0.161108
0.155440
0.342048
0.532354
0.585298
0.634587
0.640197
0.612556
0.578909
0.562626
0.534225
0.530220
0.548798
0.566303
0.048964
0.003859
0.069709
0.299571
0.455784
0.532994
0.552471
0.561016
0.543588
0.532728
0.472644
0.436369
0.424623
0.432721
0.447362
0.490677
0.167819
0.135286
0.264857
0.460882
0.489170
0.470890
0.510713
0.488389
0.497467
0.551264
0.502810
0.409772
0.408292
0.429272
0.473239
0.492266
0.457338
0.491208
0.487597
0.511210
0.559560
0.606130
0.725378
0.806356
0.859953
0.906545
0.924343
0.857432
0.668286
0.639892
0.638772
0.557691
0.493475
0.554987
0.539949
0.542874
0.536589
0.547311
0.596039
0.662997
0.663695
0.654670
0.584730
0.496538
0.427537
0.460618
0.482924
0.504113
0.536799
0.599358
0.565931
0.511014
0.443968
0.395314
0.330702
0.275438
0.274890
0.169740
0.097465
0.099133
0.189671
0.335336
0.465547
0.542127
0.513117
0.578651
0.585921
0.562102
0.509974
0.532802
0.547785
0.583175
0.585798
0.468305
0.441080
0.438925
0.425677
0.513060
0.603519
0.609779
0.515695
0.585448
0.628522
0.645485
0.629844
0.613047
0.559358
0.594673
0.613042
0.559416
0.561074
0.539096
0.478900
0.514300
0.569737
0.586877
0.566600
0.635121
0.656595
0.658408
0.674891
0.609211
0.537808
0.617900
0.649735
0.587231
0.580143
0.553957
0.524706
0.547469
0.584831
0.581191
0.668750
0.762556
0.783615
0.813268
0.810409
0.672810
0.460761
0.487586
0.515046
0.495029
0.495704
0.521172
0.519387
0.526498
0.578650
0.573647
0.638429
0.732407
0.799734
0.760735
0.706775
0.695883
0.528927
0.452794
0.517442
0.513359
0.483867
0.527834
0.548035
0.559578
0.648508
0.587397
0.401502
0.431665
0.606738
0.693637
0.664209
0.665697
0.613007
0.580576
0.705511
0.758595
0.750038
0.803030
0.789837
0.742144
0.789812
0.726638
0.408759
0.505851
0.714907
0.823379
0.788564
0.691108
0.576430
0.613805
0.732635
0.783615
0.831752
0.867718
0.821782
0.711820
0.755407
0.751899
0.278073
0.186321
0.191701
0.187589
0.180506
0.223878
0.344683
0.458316
0.431566
0.309269
0.245284
0.208792
0.200287
0.148452
0.168528
0.275662
-0.909037
-0.099238
-0.453679
0.154151
0.089906
-0.080307
0.047345
0.145650
0.173335
0.304137
0.299124
0.199997
0.033020
-0.069025
-0.296260
-0.421711
-1.647415
-0.594245
-1.001968
-0.361972
-0.484027
-0.376819
-0.241020
-0.083728
0.080678
0.312081
0.419947
0.236256
0.018043
-0.199188
-0.547686
-0.774671
-1.865645
-0.764228
-0.911760
0.022200
-0.124596
-0.262694
-0.391307
-0.119952
0.160546
0.385678
0.450104
0.234664
0.051567
-0.197862
-0.611856
-0.824821
-1.204012
-0.443278
-0.396400
0.184361
-0.077122
-0.528763
-0.563699
-0.186090
0.190918
0.434180
0.456627
0.236088
0.058106
-0.210118
-0.561688
-0.812582
-0.887453
-0.357082
0.050337
0.068489
-0.404159
-0.769519
-0.747284
-0.330464
0.144780
0.488001
0.522846
0.328147
0.027876
-0.271048
-0.559950
-0.811270
-0.857057
-0.497439
-0.062285
-0.145419
-0.555530
-0.934660
-0.956885
-0.369754
0.193801
0.596982
0.552767
0.637593
0.089686
-0.268453
-0.553320
-0.804435
-0.899000
-0.643206
-0.231612
-0.252979
-0.608302
-1.041417
-1.015318
-0.398268
0.261942
0.664831
0.541834
0.705760
0.298064
-0.271367
-0.599521
-0.731424
-0.954245
-0.743954
-0.328163
-0.361947
-0.668699
-1.122495
-1.141780
-0.604328
-0.103304
0.345691
0.490144
0.586046
0.093201
-0.411563
-0.742258
-0.890092
-1.014611
-0.810101
-0.368209
-0.340990
-0.631263
-1.067671
-1.173817
-0.723420
-0.196752
0.298069
0.522471
0.411513
0.021033
-0.420401
-0.754690
-0.875501
-1.073861
-0.744164
-0.208522
-0.145559
-0.368544
-0.778762
-1.021578
-0.691598
-0.214674
0.235939
0.441962
0.384500
-0.028215
-0.431627
-0.757073
-0.920581
-1.164521
-0.701683
-0.071960
0.143010
-0.047851
-0.487284
-0.728373
-0.589827
-0.163256
0.272855
0.475289
0.402312
-0.010400
-0.438312
-0.731073
-0.930723
-1.342209
-0.579499
0.191224
0.345739
0.173368
-0.260431
-0.601040
-0.503901
-0.179499
0.235244
0.475676
0.360883
-0.029649
-0.401901
-0.720736
-0.871461
-1.537501
-0.512968
0.296033
0.524414
0.020341
-0.278339
-0.579288
-0.512748
-0.214363
0.138807
0.361786
0.277603
-0.012130
-0.330307
-0.751816
-0.992372
-1.653585
-0.606646
0.319225
0.810424
0.302869
-0.199454
-0.541999
-0.440784
-0.071073
0.203563
0.304436
0.235151
-0.060103
-0.433581
-0.862731
-1.225555
-1.524260
-0.585516
0.169615
0.835415
0.548313
-0.043912
-0.363661
-0.189167
0.244413
0.547564
0.679679
0.497791
0.201485
-0.336421
-0.850905
-1.167755
-0.923835
-0.567735
-0.072488
0.356859
0.324923
0.046606
-0.224571
-0.077028
0.340358
0.543993
0.470590
0.172685
-0.140877
-0.581682
-0.934817
-1.026821
0.112242
-0.730103
-1.141386
-1.219511
-1.135707
-0.970223
-1.005734
-1.086766
-1.041408
-1.033333
-1.060808
-1.141116
-1.188669
-1.202168
-1.141634
-0.751122
0.633489
-0.278698
-0.371142
-0.215941
-0.135275
-0.233416
-0.560690
-0.844585
-0.886107
-0.939234
-1.012957
-0.998226
-1.008590
-1.004832
-0.933450
-0.642424
0.958942
0.085259
0.159523
-0.215227
-0.100505
-0.164312
-0.334851
-0.542591
-0.628617
-0.741061
-0.669953
-0.675062
-0.688684
-0.685157
-0.618427
-0.386693
0.779539
0.364938
0.342926
0.089485
-0.192694
-0.272100
-0.289456
-0.313634
-0.430220
-0.529525
-0.398244
-0.476996
-0.447838
-0.408572
-0.332801
-0.188642
0.768893
0.601424
0.341106
-0.116212
-0.138037
-0.125220
0.023760
-0.036414
-0.223088
-0.320884
-0.136489
-0.219686
-0.276108
-0.157584
-0.081074
-0.021785
0.250149
-0.087080
-0.171382
-0.116369
0.014335
0.178638
0.484457
0.551154
0.576304
0.507551
0.571753
0.443562
0.172335
0.245126
0.113673
0.088561
0.098141
-0.102918
-0.069043
0.064660
0.173548
0.421158
0.636581
0.660580
0.695403
0.587243
0.474716
0.516062
0.568821
0.460199
0.235496
0.172673
0.133501
0.023978
0.025737
0.073845
0.060898
0.323909
0.426946
0.341078
0.423104
0.537596
0.603834
0.502318
0.425036
0.233883
0.063735
0.101079
0.181482
0.094286
0.042964
0.034900
-0.022585
0.116979
0.105527
-0.003437
-0.005532
0.007165
0.234211
-0.115385
-0.127128
-0.152202
-0.203987
-0.019209
0.271757
0.195221
0.001520
-0.095922
-0.137258
-0.052261
-0.215809
-0.320402
-0.315713
-0.376743
-0.208993
-0.442540
-0.427355
-0.390802
-0.281866
-0.026209
0.257031
0.267490
0.039283
0.011953
-0.089651
-0.172737
-0.401681
-0.505715
-0.535136
-0.533455
-0.468743
-0.620349
-0.623762
-0.482934
-0.259974
0.020612
0.453795
0.464261
0.160607
-0.013356
-0.345201
-0.340770
-0.448532
-0.742305
-0.739018
-0.887913
-0.854966
-0.908941
-0.812689
-0.588302
-0.235612
0.027482
0.639711
0.304496
0.022051
-0.193674
-0.299430
-0.240462
-0.288504
-0.687463
-0.904272
-1.050779
-1.003482
-1.028226
-0.833608
-0.495208
-0.029803
0.184828
0.698295
0.417343
0.178003
-0.148271
-0.125666
-0.248671
-0.229181
-0.470526
-0.753239
-0.847742
-0.638438
-0.472168
-0.556045
-0.233032
0.197296
0.277238
0.477168
-0.058394
-0.130574
-0.420260
-0.639491
-0.565153
-0.308318
-0.564052
-0.916632
-0.960399
-0.787324
-0.772234
-0.625408
-0.250266
0.051716
0.111787
0.060571
-0.291367
-0.505060
-0.539235
-0.439589
-0.191521
-0.088231
-0.328172
-0.596728
-0.607995
-0.395608
-0.198322
0.123110
0.381333
0.443567
0.364604
0.000000
0.000000
0.000000
0.000000
0.000000
0.000000
0.000000
0.000000
0.000000
0.000001
0.000002
0.000001
0.000001
0.000002
0.000001
0.000001
0.000001
0.000000
0.000000
0.000000
0.000000
0.000000
0.000001
0.000001
0.000001
0.000002
0.000006
0.000002
0.000002
0.000008
0.000015
0.000006
0.000000
0.000000
0.000000
0.000000
0.000000
0.000004
0.000005
0.000001
0.000001
0.000001
0.000007
0.000001
0.000002
0.000010
0.000081
0.000055
0.000000
0.000000
0.000000
0.000000
0.000003
0.000003
0.000004
0.000001
0.000001
0.000001
0.000011
0.000001
0.000002
0.000006
0.000038
0.000059
0.000000
0.000000
0.000001
0.000003
0.000004
0.000001
0.000002
0.000001
0.000001
0.000000
0.000007
0.000001
0.000003
0.000004
0.000009
0.000042
0.000000
0.000001
0.000001
0.000001
0.000001
0.000001
0.000004
0.000001
0.000002
0.000003
0.003874
0.000016
0.000005
0.000006
0.000006
0.000044
0.000001
0.000001
0.000002
0.000003
0.000003
0.000001
0.000055
0.000027
0.000170
0.003479
0.987951
0.021725
0.000015
0.000011
0.000006
0.000013
0.000001
0.000001
0.000001
0.000002
0.000001
0.000000
0.000003
0.000000
0.000001
0.000024
0.092668
0.000072
0.000001
0.000001
0.000001
0.000001
0.000001
0.000001
0.000001
0.000000
0.000000
0.000000
0.000000
0.000000
0.000000
0.000000
0.000006
0.000000
0.000000
0.000001
0.000000
0.000001
0.000001
0.000000
0.000000
0.000000
0.000000
0.000000
0.000000
0.000000
0.000000
0.000000
0.000002
0.000000
0.000000
0.000000
0.000000
0.000001
0.000000
0.000000
0.000000
0.000000
0.000000
0.000000
0.000000
0.000000
0.000000
0.000000
0.000002
0.000000
0.000000
0.000000
0.000000
0.000001
0.000000
0.000000
0.000000
0.000000
0.000000
0.000001
0.000000
0.000000
0.000000
0.000000
0.000001
0.000000
0.000000
0.000000
0.000000
0.000000
0.000000
0.000000
0.000000
0.000000
0.000000
0.000000
0.000000
0.000000
0.000000
0.000000
0.000000
0.000000
0.000000
0.000000
0.000000
0.000000
0.000000
0.000000
0.000000
0.000000
0.000000
0.000000
0.000000
0.000000
0.000000
0.000000
0.000000
0.000000
0.000001
0.000000
0.000000
0.000000
0.000000
0.000000
0.000000
0.000000
0.000000
0.000001
0.000001
0.000001
0.000001
0.000002
0.000002
0.000001
0.000000
0.000000
0.000000
0.000000
0.000000
0.000000
0.000000
0.000000
0.000000
0.000001
0.000001
0.000001
0.000000
0.000000
0.000000
0.000000
0.000000
0.000000
0.000000
0.000000
0.187303
0.345016
0.355095
0.774755
0.874700
0.643046
0.070087
0.019201
0.024483
0.032671
0.035791
0.028467
0.020590
0.015153
0.012940
0.020599
0.421249
0.858790
0.820986
0.969923
0.945771
0.694094
0.043981
0.010836
0.017887
0.026488
0.024138
0.014147
0.007675
0.004456
0.003279
0.007171
0.275111
0.657656
0.503502
0.585561
0.404383
0.110323
0.013258
0.016788
0.045862
0.064081
0.044180
0.018662
0.007882
0.004539
0.002455
0.006190
0.124078
0.213190
0.118480
0.127000
0.045100
0.010489
0.011235
0.051329
0.143275
0.167399
0.092556
0.028722
0.008564
0.003907
0.001914
0.005474
0.018120
0.013340
0.010384
0.013005
0.007327
0.003254
0.014792
0.128117
0.325329
0.384376
0.188902
0.050089
0.008829
0.003024
0.001653
0.005253
0.006509
0.003552
0.004013
0.005880
0.004327
0.002603
0.026164
0.223512
0.499618
0.595786
0.247217
0.093143
0.009357
0.002934
0.001823
0.005472
0.006594
0.003166
0.003358
0.004763
0.003626
0.002692
0.018981
0.157752
0.399706
0.591169
0.287837
0.115766
0.008168
0.002373
0.001855
0.005802
0.006674
0.003911
0.004275
0.007445
0.007385
0.005777
0.022936
0.116823
0.357989
0.578495
0.302551
0.148605
0.020040
0.004971
0.003887
0.009606
0.007479
0.004925
0.005086
0.009313
0.010307
0.007282
0.013755
0.050165
0.191639
0.311826
0.129773
0.082003
0.020420
0.006903
0.006268
0.013709
0.006899
0.005377
0.005927
0.014999
0.023005
0.016726
0.012771
0.032607
0.112065
0.203253
0.140556
0.103481
0.038936
0.013849
0.010912
0.017861
0.007197
0.010684
0.027905
0.160652
0.284624
0.119124
0.019223
0.023362
0.067722
0.137343
0.111367
0.077039
0.035511
0.015929
0.013869
0.020056
0.015804
0.116159
0.625321
0.940703
0.942713
0.752895
0.133904
0.035840
0.060495
0.108593
0.084497
0.061477
0.034672
0.018857
0.019629
0.026453
0.073404
0.621741
0.967660
0.997654
0.998021
0.983382
0.670486
0.108221
0.067127
0.092606
0.084850
0.086045
0.069800
0.047775
0.053392
0.056937
0.103716
0.656590
0.974879
0.998639
0.999676
0.998027
0.928992
0.235698
0.048343
0.092524
0.268755
0.475733
0.484286
0.364567
0.287559
0.214647
0.061330
0.292424
0.918611
0.996192
0.999468
0.998292
0.954723
0.260505
0.046708
0.230336
0.755803
0.930042
0.943059
0.895085
0.712929
0.444116
0.052494
0.101095
0.606099
0.959474
0.987663
0.977275
0.836364
0.255064
0.075170
0.347761
0.864280
0.951393
0.940020
0.891013
0.710749
0.359294
0.734066
0.744433
0.686361
0.291826
0.180176
0.445040
0.927146
0.980506
0.976792
0.969272
0.966405
0.972276
0.977287
0.981774
0.985331
0.973049
0.708227
0.407271
0.373686
0.074921
0.082078
0.367143
0.951873
0.987761
0.980626
0.972597
0.975309
0.985080
0.991070
0.994646
0.996352
0.989581
0.818457
0.622353
0.550294
0.455470
0.631919
0.901842
0.985445
0.981743
0.952182
0.928852
0.952897
0.979837
0.990721
0.994726
0.997078
0.991912
0.901856
0.838104
0.839094
0.875590
0.953307
0.988117
0.986476
0.949234
0.860224
0.822175
0.907818
0.970844
0.990796
0.995528
0.997630
0.992765
0.983909
0.984242
0.983803
0.983375
0.992011
0.995646
0.979850
0.859553
0.638414
0.563929
0.793413
0.947541
0.989452
0.996425
0.997957
0.992884
0.991710
0.995118
0.994696
0.992803
0.994754
0.996066
0.967813
0.751729
0.454441
0.359838
0.741695
0.921481
0.990742
0.996797
0.997966
0.992975
0.990811
0.995883
0.995791
0.993763
0.995009
0.995895
0.974042
0.825254
0.572136
0.429908
0.710320
0.894876
0.990229
0.997191
0.998096
0.992309
0.990625
0.995138
0.994481
0.990124
0.990594
0.991291
0.967020
0.844544
0.526625
0.376008
0.678456
0.862919
0.974518
0.993352
0.995707
0.984985
0.989462
0.994157
0.993759
0.988129
0.987500
0.989321
0.979980
0.932638
0.755276
0.602737
0.829379
0.908569
0.973480
0.991573
0.993261
0.980348
0.989739
0.994205
0.993852
0.983478
0.969909
0.976469
0.980677
0.956285
0.846494
0.686867
0.798383
0.868706
0.951701
0.983325
0.987114
0.972687
0.988595
0.990305
0.976635
0.813645
0.596891
0.823875
0.970931
0.968771
0.914499
0.796576
0.846735
0.909027
0.958578
0.981518
0.983110
0.969172
0.977053
0.902279
0.491089
0.084844
0.046986
0.160757
0.802981
0.950310
0.925832
0.854827
0.890336
0.930701
0.959652
0.977327
0.976882
0.962661
0.915639
0.420197
0.048909
0.004730
0.002577
0.015372
0.246750
0.859530
0.915148
0.878191
0.895205
0.900459
0.915886
0.942594
0.936748
0.931476
0.893167
0.386586
0.035879
0.002339
0.000637
0.002217
0.059667
0.725777
0.949248
0.911902
0.764735
0.530004
0.487304
0.627839
0.716158
0.766371
0.933660
0.702332
0.097405
0.006749
0.001095
0.002825
0.061431
0.705673
0.967797
0.840645
0.287244
0.088549
0.092690
0.165480
0.387011
0.530870
0.937537
0.876386
0.390591
0.057953
0.013975
0.029836
0.162759
0.719077
0.915887
0.637662
0.149103
0.054648
0.060580
0.108177
0.250443
0.516801
0.888064
0.601678
0.381934
0.100564
0.118896
0.207897
0.466439
0.569938
0.616280
0.650086
0.600044
0.507413
0.528056
0.507558
0.485090
0.568141
0.966804
0.523520
0.211062
0.035336
0.075433
0.146796
0.427725
0.571502
0.608452
0.648970
0.573404
0.461412
0.506665
0.516633
0.528622
0.555537
0.970595
0.368109
0.124478
0.044807
0.138325
0.256553
0.473762
0.562805
0.610254
0.663482
0.545605
0.394255
0.456746
0.493598
0.508027
0.529018
0.861569
0.334731
0.130538
0.126081
0.327772
0.396187
0.518135
0.590179
0.578206
0.656980
0.548420
0.335856
0.434701
0.432112
0.460964
0.529019
0.639797
0.493365
0.387852
0.339123
0.424656
0.435540
0.543871
0.622457
0.613716
0.699142
0.590267
0.256202
0.399901
0.388674
0.436935
0.537026
0.470913
0.608310
0.557791
0.405807
0.373706
0.430348
0.541684
0.645796
0.651483
0.819286
0.507496
0.088802
0.283952
0.332563
0.422992
0.555103
0.439905
0.582922
0.569126
0.391379
0.323804
0.448365
0.583026
0.753697
0.755147
0.954404
0.550733
0.039143
0.240432
0.364361
0.412310
0.609603
0.444982
0.594950
0.585254
0.401694
0.296005
0.429481
0.548157
0.667191
0.705976
0.894652
0.588481
0.067298
0.269650
0.393430
0.379711
0.583657
0.433896
0.578016
0.586102
0.402786
0.303765
0.420777
0.499214
0.580711
0.589530
0.792568
0.539943
0.133062
0.310599
0.399601
0.388881
0.590717
0.436618
0.616337
0.635714
0.430473
0.313917
0.409506
0.450120
0.504384
0.519145
0.672982
0.508780
0.158633
0.288890
0.382740
0.386239
0.595801
0.469113
0.706679
0.714055
0.507422
0.334895
0.349236
0.445033
0.480505
0.470754
0.615384
0.488408
0.193282
0.295293
0.401073
0.401272
0.605065
0.562688
0.781600
0.816374
0.656285
0.359276
0.269480
0.389029
0.464088
0.439920
0.548269
0.450848
0.244766
0.339243
0.416449
0.429098
0.603397
0.702304
0.850859
0.913760
0.748699
0.313074
0.143688
0.258327
0.454875
0.478525
0.553960
0.486997
0.299956
0.370026
0.454232
0.479319
0.542877
0.697281
0.896953
0.949958
0.805067
0.303127
0.068610
0.095964
0.356332
0.479423
0.621479
0.599381
0.451238
0.401954
0.434991
0.438352
0.325120
0.657548
0.884715
0.952031
0.868412
0.438301
0.067903
0.056668
0.249941
0.451389
0.662130
0.688822
0.514461
0.350093
0.406834
0.468047
0.153123
0.628578
0.809837
0.908211
0.815240
0.460539
0.131317
0.114082
0.305861
0.529510
0.708791
0.747026
0.561688
0.350358
0.441256
0.494465
0.180845
0.940806
0.933941
0.959512
0.937584
0.783566
0.615630
0.571752
0.606030
0.580587
0.570998
0.555429
0.553936
0.552424
0.552301
0.599821
0.571206
0.435698
0.135712
0.063914
0.073890
0.158773
0.390918
0.581574
0.634110
0.594536
0.570118
0.547276
0.576290
0.595575
0.602598
0.664731
0.624710
0.167110
0.057862
0.088686
0.145779
0.326951
0.491429
0.593881
0.621475
0.618085
0.611972
0.588681
0.613463
0.610011
0.580357
0.623021
0.593025
0.028972
0.000781
0.050557
0.235449
0.417162
0.556878
0.595790
0.582386
0.556670
0.543472
0.501481
0.555584
0.544184
0.523871
0.545258
0.551422
0.219374
0.151500
0.181833
0.353560
0.456164
0.560191
0.552548
0.510003
0.485710
0.522275
0.498310
0.544900
0.529512
0.539414
0.572259
0.574382
0.555060
0.441054
0.401590
0.455837
0.534781
0.683649
0.749894
0.816797
0.872584
0.930272
0.934339
0.920738
0.822120
0.767971
0.719152
0.626251
0.620484
0.529956
0.496935
0.488478
0.507910
0.620850
0.624995
0.642883
0.638620
0.654985
0.525288
0.543905
0.497466
0.501689
0.513902
0.514877
0.637448
0.540710
0.496596
0.453403
0.415985
0.474286
0.407916
0.265944
0.171978
0.138689
0.054123
0.082098
0.226954
0.365516
0.473723
0.514457
0.652151
0.541351
0.506994
0.484117
0.442650
0.548123
0.573100
0.515700
0.422644
0.350584
0.246203
0.286547
0.407481
0.493897
0.616564
0.604433
0.673991
0.564787
0.546263
0.552377
0.537687
0.591785
0.630511
0.597527
0.505306
0.456128
0.371487
0.382970
0.466000
0.515888
0.637213
0.605913
0.705014
0.636834
0.616720
0.618912
0.571434
0.551260
0.606403
0.640422
0.568275
0.510800
0.430817
0.431493
0.509235
0.569966
0.660519
0.610398
0.771180
0.758289
0.810175
0.814084
0.704332
0.591309
0.581938
0.609257
0.573457
0.524370
0.466147
0.473608
0.542894
0.583142
0.672101
0.600032
0.811094
0.793990
0.814131
0.788634
0.719440
0.571779
0.595818
0.612427
0.607711
0.581212
0.526031
0.534295
0.604977
0.659827
0.759433
0.655997
0.694012
0.576127
0.635450
0.736870
0.688879
0.588943
0.552357
0.663691
0.674143
0.699868
0.714556
0.783202
0.790073
0.822852
0.877380
0.783263
0.676220
0.625764
0.657569
0.776062
0.713898
0.565843
0.497886
0.594563
0.673121
0.757475
0.882004
0.894853
0.856655
0.847171
0.871801
0.777007
0.583337
0.405637
0.251575
0.179222
0.165919
0.187565
0.313774
0.519395
0.626268
0.551628
0.443262
0.352691
0.325095
0.319006
0.346707
0.315440
-0.331877
-0.146074
-0.057131
0.585688
0.999407
1.004121
0.541821
0.125589
0.019685
0.034673
0.031466
0.110265
0.045942
-0.092198
-0.067315
-0.129029
-0.351509
-0.455405
-0.105604
0.652635
0.608665
0.558882
0.193881
-0.241798
-0.215135
-0.126174
-0.067077
-0.101573
-0.285452
-0.452542
-0.552106
-0.413348
-0.243373
-1.056458
-0.111108
0.509470
0.341862
0.056554
-0.148227
-0.454395
-0.239864
-0.119467
-0.090898
-0.120758
-0.338096
-0.601355
-0.817410
-0.615140
-0.079278
-0.431393
0.128407
0.165361
-0.222095
-0.375079
-0.576022
-0.562789
-0.239844
-0.101452
-0.161360
-0.225210
-0.446253
-0.788404
-0.948060
-0.733098
-0.224862
-0.356633
-0.266599
-0.357311
-0.556836
-0.522606
-0.729914
-0.551018
-0.236692
0.019056
-0.158014
-0.151618
-0.484705
-0.873721
-1.002894
-0.807940
-0.533989
-0.621467
-0.579085
-0.587502
-0.590994
-0.521788
-0.743935
-0.600999
-0.270005
-0.056973
-0.474311
-0.070362
-0.190646
-0.719658
-0.925526
-0.770140
-0.617876
-0.705008
-0.621436
-0.621383
-0.622570
-0.695683
-1.098739
-0.764887
-0.305591
-0.283654
-0.379704
-0.060465
-0.041297
-0.738905
-0.960654
-0.718654
-0.653579
-0.723634
-0.559672
-0.613608
-0.649135
-0.733922
-0.962924
-0.603198
-0.062883
0.093939
-0.235474
0.061044
-0.076211
-0.812396
-1.058375
-0.763280
-0.652563
-0.767303
-0.564829
-0.583644
-0.613582
-0.581024
-0.777075
-0.540905
-0.177814
0.255401
-0.092631
0.122857
-0.126097
-0.844216
-0.965768
-0.682582
-0.717746
-0.820477
-0.611659
-0.508375
-0.542308
-0.508286
-0.788758
-0.761807
-0.547490
-0.169930
-0.309550
-0.226321
-0.447545
-1.028554
-1.005203
-0.651535
-0.674257
-0.774473
-0.372036
-0.113948
-0.137077
-0.216059
-0.492259
-0.780443
-0.633781
-0.308883
-0.385576
-0.371933
-0.585040
-1.011410
-0.960272
-0.644955
-0.566117
-0.374566
0.492918
0.866873
0.662788
0.489681
-0.015451
-0.453596
-0.532620
-0.254472
-0.335803
-0.421255
-0.667586
-0.945618
-0.935625
-0.613706
-0.246904
0.049414
0.919719
1.257621
0.758893
0.677204
0.489782
-0.107697
-0.262224
-0.174027
-0.265105
-0.296479
-0.518193
-0.798078
-0.867670
-0.491431
-0.132183
0.134234
0.951207
1.312182
1.042779
0.684016
0.655699
0.101271
-0.226816
-0.187302
-0.144343
-0.095009
-0.040860
-0.238797
-0.363494
0.127459
-0.062224
0.231639
0.734424
0.768073
0.780231
0.533691
0.441613
0.167413
-0.101911
0.196892
0.449359
0.495622
0.582990
0.538917
0.310297
0.417106
-0.098493
0.479015
0.883673
0.809845
0.578652
0.290665
0.149874
0.282363
0.403142
0.730067
0.904659
0.819415
0.780784
0.973748
0.503842
0.141915
0.168821
-0.276619
-1.092266
-0.673682
-0.106446
-0.114209
-0.606182
-0.549625
-0.582321
-0.600817
-0.618834
-0.606509
-0.630579
-0.633606
-0.519032
-0.370360
0.383002
0.432571
-0.049374
0.725557
0.709388
0.470914
-0.437982
-0.690533
-0.876616
-0.879020
-0.971169
-0.861518
-0.878019
-0.896043
-0.829429
-0.502745
0.873851
1.431414
0.947831
1.812474
1.229243
0.171627
-0.440259
-0.619189
-0.741177
-0.670206
-0.793649
-0.675602
-0.770196
-0.729820
-0.725146
-0.501890
1.394079
1.675689
0.902999
0.825613
-0.017501
-0.348651
-0.535584
-0.603919
-0.651071
-0.570421
-0.646537
-0.592400
-0.719942
-0.592111
-0.562755
-0.397474
1.411737
1.635926
0.678697
0.170461
-0.118902
-0.249791
-0.342236
-0.320910
-0.323341
-0.299804
-0.276658
-0.241085
-0.583293
-0.447405
-0.404276
-0.285778
0.525007
0.409266
0.013072
0.086393
0.053403
0.032574
0.096570
0.220420
0.535133
0.565032
0.270182
0.251595
-0.103368
-0.179374
-0.088213
-0.070410
0.238597
0.071972
0.076782
0.167975
0.150797
0.160591
0.183844
0.132227
0.240094
0.127658
-0.030135
0.027268
-0.023792
-0.048393
0.049377
0.059036
0.255647
0.136800
0.190593
0.265723
0.241797
0.382637
0.447983
0.429552
0.579428
0.666966
0.228373
0.314731
0.245255
0.124125
0.189581
0.060353
0.341600
0.217805
0.217347
0.286951
0.293595
0.377084
0.328625
0.267208
0.415517
0.477487
0.332057
0.212011
-0.024332
-0.128428
-0.018559
-0.052807
0.410231
0.256527
0.162933
0.080500
0.097428
0.166056
0.047879
-0.049822
0.044291
0.078635
-0.072075
-0.110423
-0.273618
-0.313122
-0.077691
-0.100678
0.452821
0.204842
0.143335
-0.031450
0.005042
0.060141
-0.263724
-0.345072
-0.360744
-0.332307
-0.468760
-0.409558
-0.460815
-0.358148
-0.064674
-0.128593
0.611285
0.378631
0.417118
0.497998
0.484617
0.308094
-0.245917
-0.471158
-0.524935
-0.591921
-0.807143
-0.679737
-0.622691
-0.439642
-0.039319
-0.069492
0.966214
0.647049
0.378304
0.646444
0.850901
0.801428
0.312046
-0.266594
-0.384992
-0.423780
-0.717381
-0.665990
-0.560126
-0.261940
0.223249
0.155677
1.043261
0.656249
0.240193
0.242671
0.844459
1.051604
0.502575
-0.206515
-0.444591
-0.495259
-0.474847
-0.250441
-0.109411
0.159718
0.645810
0.455621
0.853476
0.618267
0.273539
0.097877
0.288894
0.600297
0.392677
-0.234213
-0.704600
-0.581926
-0.147364
0.102252
0.210941
0.347741
0.813470
0.608535
0.658014
0.563836
0.188848
0.226612
0.432528
0.604099
0.514653
0.047363
-0.315223
-0.098320
0.319513
0.536527
0.720375
1.014341
1.357893
0.917706
0.000000
0.000000
0.000000
0.000000
0.000000
0.000000
0.000000
0.000000
0.000000
0.000000
0.000001
0.000000
0.000000
0.000000
0.000000
0.000000
0.000000
0.000000
0.000000
0.000000
0.000000
0.000000
0.000000
0.000000
0.000000
0.000000
0.000000
0.000000
0.000000
0.000000
0.000000
0.000001
0.000000
0.000000
0.000000
0.000000
0.000000
0.000000
0.000000
0.000000
0.000000
0.000000
0.000001
0.000000
0.000000
0.000000
0.000000
0.000003
0.000000
0.000000
0.000000
0.000000
0.000000
0.000000
0.000000
0.000000
0.000000
0.000000
0.000003
0.000000
0.000000
0.000000
0.000000
0.000004
0.000000
0.000000
0.000001
0.000001
0.000000
0.000000
0.000000
0.000000
0.000000
0.000000
0.000003
0.000000
0.000000
0.000000
0.000000
0.000004
0.000000
0.000000
0.000000
0.000000
0.000000
0.000000
0.000000
0.000000
0.000001
0.000002
0.003360
0.000017
0.000002
0.000002
0.000000
0.000009
0.000000
0.000000
0.000000
0.000001
0.000000
0.000000
0.000003
0.000012
0.000180
0.003883
0.989969
0.019286
0.000021
0.000006
0.000001
0.000004
0.000000
0.000000
0.000000
0.000000
0.000000
0.000000
0.000000
0.000000
0.000001
0.000016
0.065719
0.000078
0.000001
0.000000
0.000000
0.000000
0.000000
0.000000
0.000000
0.000000
0.000000
0.000000
0.000000
0.000000
0.000000
0.000000
0.000006
0.000000
0.000000
0.000000
0.000000
0.000000
0.000000
0.000000
0.000000
0.000000
0.000000
0.000000
0.000000
0.000000
0.000000
0.000000
0.000001
0.000000
0.000000
0.000000
0.000000
0.000000
0.000000
0.000000
0.000000
0.000000
0.000000
0.000000
0.000000
0.000000
0.000000
0.000000
0.000000
0.000000
0.000000
0.000000
0.000000
0.000000
0.000000
0.000000
0.000000
0.000000
0.000001
0.000001
0.000000
0.000000
0.000000
0.000000
0.000000
0.000000
0.000000
0.000000
0.000000
0.000000
0.000000
0.000000
0.000000
0.000000
0.000001
0.000001
0.000000
0.000000
0.000000
0.000000
0.000000
0.000000
0.000000
0.000000
0.000000
0.000000
0.000000
0.000000
0.000000
0.000000
0.000001
0.000000
0.000000
0.000000
0.000000
0.000000
0.000000
0.000000
0.000000
0.000000
0.000000
0.000000
0.000000
0.000000
0.000000
0.000000
0.000000
0.000001
0.000000
0.000000
0.000000
0.000000
0.000001
0.000000
0.000000
0.000000
0.000000
0.000000
0.000000
0.000000
0.000000
0.000000
0.000000
0.000000
0.000000
0.000000
0.000000
0.000000
0.000000
0.000000
0.000000
0.000000
0.000000
0.000000
0.509210
0.835780
0.765420
0.892235
0.877659
0.672027
0.144059
0.038269
0.037139
0.044931
0.045208
0.040969
0.036987
0.032117
0.035630
0.046733
0.780624
0.952220
0.903033
0.954409
0.919271
0.715976
0.116573
0.022067
0.025472
0.032788
0.028427
0.019024
0.014006
0.010381
0.011073
0.023868
0.568255
0.773699
0.519133
0.717624
0.578265
0.263233
0.037441
0.024472
0.040683
0.057671
0.039435
0.019788
0.011266
0.008135
0.007325
0.018272
0.190174
0.251595
0.106085
0.135626
0.068769
0.024863
0.025066
0.048548
0.104423
0.141818
0.087053
0.031055
0.011391
0.006086
0.004945
0.014393
0.034180
0.023504
0.013689
0.017169
0.011243
0.008886
0.027364
0.108750
0.250698
0.337144
0.189018
0.056855
0.013243
0.005098
0.003962
0.012442
0.016155
0.007593
0.004930
0.005844
0.005674
0.006788
0.034902
0.166420
0.376840
0.526047
0.244595
0.081333
0.012676
0.004205
0.003513
0.010699
0.015132
0.005170
0.003624
0.004465
0.004410
0.006298
0.030693
0.153799
0.340824
0.589640
0.281068
0.107931
0.008991
0.003068
0.002971
0.010375
0.015243
0.005340
0.003958
0.005895
0.006628
0.008760
0.024464
0.087453
0.226812
0.481947
0.280557
0.113751
0.016578
0.004956
0.004580
0.014912
0.016511
0.005827
0.004248
0.006644
0.007626
0.009706
0.016418
0.037182
0.112039
0.240059
0.115404
0.065711
0.019708
0.007267
0.008064
0.020545
0.016774
0.006415
0.004973
0.009524
0.014022
0.017694
0.017184
0.027390
0.072470
0.161702
0.134787
0.088326
0.034197
0.013535
0.015574
0.030232
0.022717
0.013904
0.022138
0.088147
0.144933
0.087245
0.025837
0.024020
0.049795
0.110362
0.099978
0.063430
0.031781
0.016778
0.019940
0.036225
0.063624
0.127923
0.495208
0.814538
0.829466
0.597755
0.159634
0.043523
0.053785
0.095147
0.079359
0.052551
0.034487
0.023199
0.029559
0.046305
0.206018
0.612898
0.943933
0.992000
0.994230
0.956381
0.660866
0.141162
0.076025
0.096562
0.086451
0.079295
0.066845
0.056846
0.087763
0.102985
0.318871
0.756575
0.973076
0.998088
0.999342
0.996163
0.915600
0.372044
0.066096
0.105219
0.234745
0.391960
0.496044
0.508389
0.528149
0.425327
0.227647
0.568586
0.952991
0.996756
0.999461
0.998362
0.963653
0.541210
0.084551
0.192700
0.689934
0.909025
0.940182
0.930580
0.863731
0.641827
0.116481
0.251747
0.756138
0.963259
0.990515
0.985549
0.911595
0.458299
0.123687
0.323099
0.796163
0.942037
0.939319
0.905473
0.746837
0.476585
0.351091
0.124378
0.189137
0.086514
0.105809
0.295965
0.869972
0.961779
0.955391
0.945784
0.943012
0.951658
0.958016
0.964685
0.968745
0.952447
0.159108
0.037912
0.071643
0.029554
0.070696
0.265825
0.865750
0.971127
0.964739
0.958662
0.963236
0.971990
0.979911
0.984905
0.985812
0.968442
0.339895
0.120258
0.205613
0.190254
0.381071
0.697878
0.946178
0.965754
0.944774
0.934580
0.953965
0.973425
0.984282
0.988743
0.990844
0.974872
0.754283
0.618270
0.762399
0.807864
0.894700
0.966156
0.970700
0.938758
0.869759
0.852944
0.909711
0.961713
0.984962
0.991193
0.993766
0.979092
0.972649
0.974560
0.982610
0.978011
0.982918
0.989143
0.968035
0.874029
0.687589
0.642360
0.787355
0.922300
0.982132
0.992834
0.995027
0.981931
0.986846
0.993792
0.994794
0.993187
0.991865
0.991695
0.961877
0.824699
0.590154
0.537851
0.783164
0.899693
0.982257
0.994715
0.995859
0.984487
0.986097
0.995409
0.996715
0.995625
0.994230
0.992541
0.964305
0.818062
0.587579
0.457168
0.716382
0.872948
0.983057
0.995088
0.995903
0.985447
0.986050
0.995527
0.996304
0.994459
0.992266
0.990600
0.977467
0.911354
0.747085
0.590106
0.790974
0.891347
0.977338
0.993221
0.994341
0.980617
0.985760
0.995231
0.996300
0.994117
0.991551
0.989316
0.984793
0.961889
0.894280
0.826721
0.941746
0.950609
0.979791
0.991593
0.991641
0.975834
0.986683
0.995051
0.995580
0.991127
0.984591
0.981698
0.983572
0.972073
0.930080
0.872807
0.918131
0.937328
0.966805
0.984953
0.986290
0.966385
0.984156
0.990450
0.981028
0.908640
0.835573
0.918202
0.973238
0.975451
0.953151
0.911904
0.936509
0.955730
0.971455
0.982846
0.983007
0.960694
0.951787
0.884014
0.490309
0.145514
0.124399
0.323535
0.825112
0.956275
0.954521
0.933705
0.949612
0.960645
0.968540
0.976281
0.976335
0.950197
0.809759
0.351168
0.059537
0.006615
0.003388
0.022647
0.244796
0.839478
0.926119
0.919324
0.924709
0.925299
0.935724
0.946712
0.934730
0.901295
0.698811
0.223248
0.027451
0.001965
0.000427
0.001709
0.039384
0.608861
0.932823
0.895382
0.760711
0.579548
0.511360
0.540958
0.604985
0.678468
0.807750
0.412633
0.058095
0.004037
0.000592
0.001105
0.023014
0.487747
0.924443
0.811042
0.360468
0.102717
0.059429
0.074792
0.143402
0.359620
0.872460
0.733633
0.248365
0.043880
0.013779
0.017774
0.086951
0.549082
0.894627
0.714828
0.230070
0.079977
0.068000
0.095368
0.206813
0.448812
