0.582521
0.715790
0.622774
0.489806
0.623847
0.617231
0.591782
0.524192
0.527238
0.470334
0.387235
0.457806
0.661042
0.514180
0.850253
-0.008100
0.734531
0.823942
0.647879
0.363175
0.509645
0.571833
0.589994
0.470332
0.462818
0.415828
0.355911
0.370934
0.654467
0.387478
0.865080
-0.018145
0.726781
0.863683
0.781894
0.647205
0.776905
0.795382
0.820226
0.753273
0.759213
0.805133
0.769030
0.617402
0.834333
0.516726
0.944763
-0.019719
0.654462
0.811041
0.841156
0.667899
0.603486
0.639412
0.634300
0.544460
0.460856
0.740937
0.789478
0.580082
0.785533
0.613523
0.970770
-0.020942
0.584872
0.712376
0.853404
0.685615
0.511987
0.525826
0.690078
0.549122
0.475131
0.728903
0.841260
0.739177
0.810753
0.802625
1.005550
-0.017542
0.613776
0.475323
0.789558
0.658714
0.416146
0.488208
0.747323
0.497792
0.517107
0.731122
0.829771
0.791331
0.834564
0.865464
1.006595
0.016475
0.665015
0.346818
0.639022
0.595174
0.394996
0.450924
0.682697
0.480461
0.486450
0.625031
0.728032
0.752506
0.768520
0.809432
0.985241
0.178970
0.711075
0.326231
0.501548
0.468863
0.381988
0.422200
0.545406
0.481797
0.414721
0.426263
0.566978
0.627129
0.597759
0.575254
0.820092
0.370247
0.727169
0.317521
0.468083
0.419773
0.358068
0.376050
0.425340
0.487649
0.432733
0.362581
0.397589
0.438532
0.408379
0.409983
0.453686
0.352333
0.738397
0.344716
0.476429
0.418929
0.323121
0.340658
0.382043
0.480399
0.467057
0.391822
0.401720
0.432638
0.377755
0.435755
0.361899
0.343419
0.723803
0.399066
0.493482
0.440316
0.317733
0.306955
0.375269
0.478261
0.453386
0.404311
0.410951
0.463498
0.339459
0.488199
0.416518
0.343455
0.736514
0.452599
0.479315
0.460166
0.308406
0.294381
0.346411
0.454096
0.436444
0.406293
0.436819
0.530864
0.238266
0.464803
0.465755
0.358957
0.783005
0.467589
0.463161
0.457203
0.322183
0.337824
0.333205
0.418341
0.472736
0.428960
0.662365
0.767693
0.114259
0.510228
0.617411
0.414068
0.832172
0.432756
0.435601
0.471884
0.323156
0.373229
0.327174
0.417370
0.575818
0.463267
0.823158
0.858530
0.067000
0.240827
0.581222
0.398753
0.841128
0.358882
0.385616
0.460595
0.284154
0.354048
0.310278
0.386416
0.505319
0.387651
0.696803
0.867772
0.105644
0.478487
0.591941
0.426697
0.804495
0.411713
0.393851
0.476140
0.369154
0.448498
0.424842
0.412521
0.496207
0.464306
0.519373
0.798406
0.432506
0.557763
0.533615
0.430003
0.791144
0.755860
0.932104
0.853415
0.863554
0.862057
0.900309
0.908927
0.910332
0.885820
0.827096
0.782516
0.805232
0.821783
0.872739
0.838102
0.144558
0.046462
0.022424
-0.010155
-0.013980
-0.018786
-0.019985
-0.020984
-0.021250
-0.020432
-0.013070
0.001185
0.022698
0.035700
0.033587
0.223166
0.124617
0.062004
0.093302
0.145058
0.203437
0.098904
0.049153
0.030660
0.044992
0.072094
0.181969
0.221356
0.142477
0.183445
0.309138
0.637134
0.159681
0.143574
0.248602
0.349939
0.351235
0.313992
0.350693
0.449269
0.439317
0.395939
0.355308
0.291906
0.134488
0.072412
0.166227
0.499826
0.474309
0.487402
0.503732
0.482597
0.472755
0.483969
0.553476
0.628065
0.613115
0.653162
0.492506
0.303227
0.177798
0.097770
0.104548
0.405941
0.577139
0.607890
0.608910
0.468317
0.375809
0.348228
0.383953
0.512493
0.569132
0.626525
0.494397
0.293817
0.213935
0.122588
0.063463
0.201123
0.471763
0.487069
0.548105
0.462499
0.366703
0.353870
0.410777
0.473998
0.531521
0.478597
0.338930
0.312713
0.275321
0.266633
0.175472
0.251381
0.487190
0.529904
0.604127
0.624279
0.573312
0.539592
0.476421
0.495323
0.560190
0.570444
0.572086
0.623090
0.612101
0.544482
0.522399
0.500245
0.513054
0.527233
0.520753
0.540891
0.525338
0.499223
0.488630
0.488450
0.504505
0.534250
0.541684
0.560969
0.607480
0.615890
0.642524
0.561053
0.523730
0.559198
0.608376
0.632951
0.602170
0.500839
0.469189
0.464933
0.480079
0.497048
0.470171
0.497350
0.533742
0.542370
0.589264
0.546048
0.541071
0.596762
0.618082
0.643763
0.613131
0.512324
0.453858
0.489025
0.490397
0.472560
0.469563
0.488963
0.454534
0.405312
0.499359
0.519203
0.543828
0.606762
0.668571
0.677105
0.664386
0.601301
0.535108
0.553329
0.555270
0.540624
0.488666
0.457732
0.366245
0.426995
0.461235
0.497374
0.640590
0.658289
0.686122
0.698634
0.685282
0.636736
0.574811
0.542410
0.600867
0.640136
0.792173
0.955840
0.914862
0.598601
0.558195
0.506513
0.666233
0.649748
0.617191
0.652297
0.679634
0.641140
0.579934
0.543384
0.672268
0.742284
0.739076
0.739540
0.684023
0.410148
0.353979
0.402872
0.607256
0.628829
0.554233
0.587585
0.637707
0.649502
0.656595
0.556900
0.402963
0.277020
0.125024
0.005402
0.022091
0.224616
0.385043
0.415207
0.150807
0.126306
0.204680
0.239151
0.287750
0.357143
0.363560
0.322408
0.333043
0.447189
0.508644
0.439154
0.470709
0.490738
0.422160
0.411952
-1.183321
-0.249510
0.182158
0.524428
0.357930
0.053009
-0.054860
-0.085046
-0.138591
-0.122244
-0.090018
-0.123183
-0.012910
-0.085540
-0.125732
-0.353227
-1.794607
-1.034458
-0.284709
-0.259782
-0.373295
-0.647916
-0.762289
-0.762799
-0.795473
-0.792228
-0.618672
-0.671532
-0.498981
-0.539503
-0.445658
-0.862661
-1.753082
-1.576726
-0.965546
-0.438150
-0.502749
-0.622985
-0.628015
-0.505706
-0.655592
-0.693451
-0.610510
-0.762083
-0.946109
-0.828779
-0.736668
-0.637126
-1.272348
-1.073375
-0.587169
-0.519930
-0.574992
-0.469664
-0.388985
-0.152725
-0.179613
-0.479318
-0.448827
-0.653281
-0.792140
-0.717709
-0.701894
-0.806405
-1.100677
-0.613584
-0.191464
-0.474738
-0.485642
-0.528814
-0.285025
-0.092659
-0.225027
-0.589992
-0.581516
-0.698840
-1.049858
-1.037328
-1.062709
-0.989547
-0.892804
-0.338187
-0.109351
-0.206144
-0.306731
-0.613207
-0.391126
-0.159278
-0.222278
-0.548845
-0.465150
-0.617691
-1.022031
-1.242021
-1.149030
-1.203636
-0.936706
-0.483941
-0.078641
0.031507
-0.092790
-0.408432
-0.398143
-0.304118
-0.148504
-0.234422
-0.166404
-0.274383
-0.479695
-0.511831
-0.699205
-1.160635
-0.969353
-0.656923
-0.385405
-0.045753
0.083491
-0.074004
-0.287956
-0.328296
-0.122143
0.057950
0.178246
0.167878
0.073819
0.021160
-0.275327
-0.988247
-1.044349
-0.789368
-0.587259
-0.325640
-0.168319
-0.156641
-0.338919
-0.397087
-0.184816
-0.060508
-0.033477
0.018510
0.061397
0.053376
-0.128209
-1.007524
-1.041578
-0.754998
-0.488052
-0.273166
-0.174306
-0.232475
-0.450848
-0.467309
-0.242950
-0.151087
-0.131094
-0.113123
-0.104937
-0.136738
-0.317328
-0.977078
-0.957221
-0.555737
-0.275177
-0.042392
0.015161
-0.148739
-0.479336
-0.608471
-0.416274
-0.273169
-0.159391
-0.053524
-0.073015
-0.170425
-0.384182
-0.965211
-0.788936
-0.342411
0.055084
0.303963
0.330077
0.109534
-0.295617
-0.600693
-0.539667
-0.294466
-0.048875
0.219836
0.159607
-0.089118
-0.399533
-0.976580
-0.667588
-0.224721
0.213111
0.511035
0.609840
0.334070
-0.161109
-0.558400
-0.587360
-0.177093
0.159195
0.526042
0.636495
-0.107287
-0.522652
-0.971235
-0.738178
-0.293402
0.276682
0.634063
0.706712
0.483196
-0.073077
-0.347427
-0.440656
0.001526
0.516486
0.681400
0.578260
0.411775
-0.533111
-0.930695
-0.789210
-0.395993
0.289352
0.675631
0.751388
0.574685
0.030897
-0.237807
-0.436363
-0.144522
0.313452
0.619870
0.659112
-0.065005
-0.695672
-1.030664
-0.593429
-0.338167
0.242042
0.554372
0.592141
0.448047
0.058460
-0.156575
-0.362528
-0.129102
0.187715
0.654728
0.597281
-0.030055
-0.422236
-0.679348
-0.926155
-1.717764
-2.106869
-2.540463
-2.615268
-2.497590
-2.405103
-2.364852
-2.293404
-2.198894
-2.062314
-1.960707
-1.711648
-1.353774
-1.228295
-0.785035
-0.177585
-0.840803
-1.123262
-1.715064
-1.754576
-1.848188
-1.757608
-1.781591
-1.825562
-1.719837
-1.490634
-1.274642
-0.976580
-0.737938
-0.695205
-0.011669
-0.120717
-0.628697
-0.627916
-1.093471
-0.909315
-0.992959
-0.828602
-0.816334
-0.734659
-0.848549
-0.752255
-0.635690
-0.642363
-0.684393
-0.639888
-0.181055
-0.003920
-0.686469
-1.004632
-1.023777
-0.780801
-0.923401
-0.702285
-0.562196
-0.523893
-0.748844
-0.740342
-0.671240
-0.927308
-0.870825
-0.849067
-0.204945
0.343029
-0.519004
-0.720792
-0.323975
0.075388
-0.129473
-0.194178
-0.137796
-0.329593
-0.429313
-0.489587
-0.614238
-0.807957
-0.756697
-0.701008
-0.159445
0.401085
-0.045859
-0.432960
-0.266159
0.089575
-0.064718
-0.195434
-0.045033
-0.238505
-0.373450
-0.404306
-0.558747
-0.647714
-0.572699
-0.514521
-0.261294
0.446222
0.212759
-0.054623
-0.180751
0.065598
-0.021139
-0.095848
0.015041
-0.073613
-0.093941
-0.219482
-0.393424
-0.411104
-0.438952
-0.545034
-0.247718
0.495695
0.392684
0.150127
0.065651
0.122948
0.036865
0.046974
0.081989
-0.066797
0.022160
0.035652
-0.212798
-0.205020
-0.154921
-0.171802
-0.071347
0.608834
0.544863
0.361123
0.191365
0.132653
0.077513
0.206094
0.281601
0.192667
0.161735
0.085179
0.036460
0.075298
0.228894
0.095812
0.250012
0.706858
0.690804
0.485836
0.313879
0.252496
0.165113
0.270379
0.412086
0.363763
0.263484
0.144417
0.068357
0.030923
0.163143
0.165334
0.329933
0.663227
0.652827
0.429433
0.288179
0.256631
0.169849
0.143027
0.246344
0.199025
0.075382
-0.052065
-0.122985
-0.204523
0.001990
0.029100
0.276382
0.526147
0.557541
0.384774
0.289637
0.263050
0.182907
0.144609
0.093094
0.048308
-0.124836
-0.260591
-0.225931
-0.379512
-0.268781
-0.120186
0.136911
0.351751
0.430981
0.382904
0.415517
0.393503
0.282673
0.152273
0.062867
0.117804
-0.068164
-0.133091
0.304984
0.246810
-0.200177
-0.130215
0.094610
0.196146
0.180492
0.265247
0.327372
0.336606
0.215474
0.111358
0.084561
0.165668
0.060055
0.242902
0.336424
0.311658
0.267500
0.044226
0.181290
-0.164028
-0.253924
-0.164422
-0.077019
-0.147058
-0.233238
-0.221737
-0.103309
-0.161635
-0.316781
-0.168363
0.236274
0.199564
-0.157173
-0.258372
-0.012534
-0.389671
-0.634225
-0.564542
-0.659936
-0.813617
-0.885598
-0.857105
-0.743144
-0.622111
-0.858783
-1.205262
-0.728123
-0.965758
-1.098365
-0.768211
-0.286987
0.000000
0.000000
0.000000
0.000000
0.000000
0.000000
0.000000
0.000001
0.000002
0.000004
0.000001
0.000000
0.000000
0.000000
0.000001
0.000000
0.000000
0.000000
0.000000
0.000000
0.000000
0.000000
0.000000
0.000000
0.000000
0.000000
0.000000
0.000000
0.000000
0.000000
0.000000
0.000000
0.000000
0.000000
0.000000
0.000000
0.000000
0.000000
0.000000
0.000000
0.000000
0.000000
0.000000
0.000000
0.000000
0.000000
0.000000
0.000000
0.000000
0.000000
0.000000
0.000000
0.000000
0.000000
0.000000
0.000000
0.000001
0.000000
0.000000
0.000000
0.000000
0.000000
0.000000
0.000000
0.000001
0.000000
0.000000
0.000000
0.000000
0.000001
0.000002
0.000003
0.000005
0.000000
0.000000
0.000000
0.000000
0.000000
0.000000
0.000000
0.000020
0.000002
0.000001
0.000007
0.000005
0.000005
0.000022
0.000011
0.000003
0.000000
0.000000
0.000000
0.000000
0.000000
0.000000
0.000000
0.000025
0.000007
0.000002
0.000006
0.000011
0.000002
0.000007
0.000006
0.000002
0.000001
0.000001
0.000000
0.000000
0.000000
0.000000
0.000000
0.000009
0.000005
0.000004
0.000004
0.000004
0.000001
0.000002
0.000005
0.000003
0.000001
0.000002
0.000003
0.000001
0.000001
0.000000
0.000001
0.000006
0.000005
0.000001
0.000001
0.000001
0.000001
0.000001
0.000002
0.000001
0.000001
0.000001
0.000001
0.000002
0.000003
0.000002
0.000008
0.000009
0.000007
0.000001
0.000001
0.000001
0.000001
0.000001
0.000002
0.000002
0.000002
0.000002
0.000002
0.000003
0.000005
0.000004
0.000008
0.000033
0.000018
0.000005
0.000002
0.000001
0.000001
0.000001
0.000002
0.000001
0.000001
0.000001
0.000002
0.000002
0.000002
0.000004
0.000006
0.000166
0.000107
0.000029
0.000012
0.000005
0.000002
0.000001
0.000003
0.000002
0.000002
0.000002
0.000011
0.000005
0.000006
0.000009
0.000012
0.002770
0.002023
0.000517
0.000138
0.000027
0.000006
0.000003
0.000004
0.000001
0.000001
0.000001
0.000092
0.000047
0.000019
0.000041
0.000041
0.034654
0.032153
0.007789
0.003155
0.000440
0.000032
0.000007
0.000004
0.000003
0.000004
0.000060
0.995721
0.964585
0.000024
0.000038
0.000044
0.189139
0.204842
0.055440
0.034047
0.005684
0.000151
0.000019
0.000006
0.000006
0.000006
0.000003
0.024119
0.001841
0.000004
0.000010
0.000011
0.012782
0.062567
0.013388
0.008880
0.002057
0.000197
0.000082
0.000026
0.000003
0.000002
0.000000
0.000000
0.000001
0.000009
0.000016
0.000017
0.022653
0.024163
0.039907
0.056542
0.020856
0.007792
0.005856
0.008150
0.012005
0.024839
0.066046
0.096329
0.038635
0.010688
0.010430
0.109457
0.023540
0.147423
0.621743
0.940197
0.805694
0.315035
0.128220
0.109513
0.112804
0.213405
0.449794
0.382173
0.059163
0.011479
0.009995
0.057692
0.013240
0.315968
0.978040
0.999179
0.994577
0.852308
0.313809
0.091753
0.061887
0.342344
0.846000
0.781470
0.097836
0.005264
0.002420
0.030491
0.034695
0.742829
0.998738
0.999922
0.998767
0.909033
0.404251
0.085366
0.102067
0.888451
0.993363
0.988427
0.616510
0.014094
0.001882
0.021636
0.027800
0.589088
0.996278
0.999787
0.996417
0.728181
0.054307
0.006619
0.090454
0.969755
0.998974
0.999160
0.978942
0.187330
0.011511
0.020611
0.012857
0.112209
0.952852
0.998633
0.993849
0.743586
0.034375
0.006615
0.285149
0.988372
0.999273
0.999565
0.996803
0.808089
0.083811
0.033206
0.011474
0.018643
0.554980
0.976925
0.973251
0.696676
0.063190
0.018743
0.388963
0.964451
0.993801
0.995981
0.990101
0.917120
0.241933
0.053384
0.012530
0.010184
0.083387
0.573858
0.670218
0.367220
0.062045
0.030003
0.169847
0.519990
0.638332
0.681669
0.694535
0.516379
0.138037
0.044204
0.022841
0.018728
0.045767
0.263009
0.368946
0.212361
0.048455
0.029467
0.062081
0.082290
0.059241
0.044989
0.046238
0.039855
0.016891
0.017734
0.037553
0.027262
0.043568
0.207857
0.365802
0.223199
0.053380
0.024509
0.027039
0.024892
0.016634
0.012977
0.010287
0.007762
0.005896
0.012278
0.048243
0.026510
0.040140
0.182416
0.386221
0.277047
0.077806
0.028894
0.019197
0.017261
0.018650
0.024437
0.019528
0.007893
0.004469
0.011490
0.039884
0.017071
0.016920
0.054764
0.157648
0.128737
0.039231
0.011094
0.006095
0.010448
0.044143
0.168309
0.207757
0.029269
0.006919
0.012401
0.020507
0.007655
0.006539
0.012037
0.024273
0.026189
0.011557
0.003085
0.001815
0.005558
0.135374
0.539948
0.725829
0.160192
0.016987
0.017400
0.009529
0.002820
0.002860
0.004906
0.006012
0.004918
0.002566
0.000878
0.000938
0.008212
0.355475
0.775713
0.810756
0.305319
0.053123
0.032428
0.007305
0.001729
0.002991
0.005065
0.004484
0.002904
0.002186
0.002136
0.007732
0.104734
0.758971
0.872101
0.899599
0.646005
0.237967
0.100847
0.026598
0.007509
0.009845
0.011751
0.009854
0.009098
0.009379
0.013259
0.051098
0.287161
0.660399
0.678102
0.717909
0.489777
0.306131
0.151390
0.971427
0.968921
0.942173
0.926101
0.972063
0.991025
0.993537
0.992077
0.988658
0.976047
0.935503
0.910087
0.961774
0.989278
0.990236
0.909335
0.935785
0.575923
0.212784
0.024062
0.096761
0.459229
0.730969
0.767322
0.762066
0.605222
0.336259
0.401650
0.878291
0.968215
0.978071
0.899052
0.954112
0.398985
0.014970
0.000709
0.006359
0.152331
0.673384
0.890754
0.918700
0.541767
0.091066
0.118590
0.794791
0.988235
0.996074
0.948927
0.940832
0.159035
0.001444
0.000089
0.001318
0.091869
0.591476
0.918172
0.884836
0.091738
0.004112
0.004901
0.155899
0.949444
0.994980
0.958368
0.974294
0.385850
0.004434
0.000177
0.002481
0.236562
0.918035
0.989883
0.865067
0.025492
0.000693
0.000386
0.005973
0.474513
0.969160
0.950738
0.987997
0.871619
0.047649
0.001208
0.004233
0.211188
0.956363
0.992276
0.661853
0.011570
0.000575
0.000237
0.001303
0.065987
0.778325
0.939196
0.989581
0.978454
0.391151
0.021213
0.020345
0.237256
0.931980
0.983302
0.599168
0.032044
0.005234
0.003149
0.007694
0.073457
0.649344
0.941206
0.988444
0.989829
0.917930
0.404244
0.315397
0.640787
0.946551
0.973770
0.839699
0.488524
0.359348
0.333036
0.344745
0.502397
0.837442
0.957904
0.978339
0.982318
0.957481
0.762369
0.644382
0.814403
0.959722
0.973842
0.938936
0.922219
0.946208
0.961762
0.959818
0.960699
0.982820
0.982427
0.965072
0.975727
0.960633
0.816289
0.659693
0.806593
0.958956
0.979763
0.974603
0.977469
0.985586
0.989691
0.991324
0.992626
0.994652
0.989110
0.956321
0.975633
0.963538
0.839291
0.649985
0.750620
0.939463
0.978026
0.983507
0.984957
0.983990
0.979817
0.982259
0.992339
0.995991
0.990659
0.967266
0.984029
0.983976
0.949159
0.867810
0.892902
0.970203
0.990992
0.994398
0.990103
0.962838
0.856423
0.808378
0.969434
0.993703
0.989754
0.981696
0.992735
0.993686
0.987694
0.977599
0.977876
0.990678
0.997386
0.998213
0.993232
0.808275
0.407521
0.276679
0.856656
0.984338
0.985475
0.990979
0.997400
0.997172
0.995010
0.994074
0.995620
0.997783
0.999200
0.998945
0.987688
0.538005
0.226964
0.192724
0.706694
0.948163
0.973532
0.992676
0.998336
0.997225
0.995139
0.995709
0.997313
0.998094
0.998317
0.993232
0.858195
0.182886
0.110935
0.114909
0.350097
0.785638
0.912932
0.973652
0.992055
0.990392
0.988692
0.990874
0.992061
0.992163
0.989231
0.957306
0.739089
0.445995
0.349286
0.412628
0.573504
0.708727
0.875690
0.968452
0.983288
0.927180
0.763537
0.781941
0.779766
0.775225
0.724344
0.712658
0.673343
0.601105
0.688234
0.893388
0.862382
0.869078
-0.015989
0.986740
0.993971
0.826930
0.390716
0.401014
0.472169
0.620390
0.606690
0.663340
0.720222
0.694585
0.727348
0.917037
0.863982
0.921303
-0.023015
0.974433
0.988422
0.879385
0.529252
0.381394
0.406610
0.538216
0.569718
0.710367
0.864350
0.907170
0.862073
0.978362
0.919169
0.958959
-0.024107
0.827236
0.919079
0.887238
0.528926
0.220209
0.232958
0.362352
0.414510
0.555458
0.877578
0.938629
0.869035
0.944838
0.944819
0.973998
-0.024176
0.702993
0.821589
0.896682
0.664731
0.248882
0.203543
0.467901
0.529311
0.633133
0.888876
0.949075
0.878031
0.883730
0.928463
0.986601
-0.023352
0.650499
0.618849
0.840005
0.655144
0.260229
0.217414
0.557877
0.472204
0.631348
0.821004
0.884733
0.801809
0.743772
0.807633
0.954576
-0.014750
0.684949
0.468046
0.718045
0.651610
0.362915
0.272357
0.540863
0.474794
0.576185
0.698382
0.766654
0.694724
0.614736
0.588004
0.882092
0.059261
0.728926
0.426959
0.592464
0.562820
0.411816
0.359907
0.483568
0.500560
0.509651
0.512299
0.618278
0.625338
0.554896
0.479404
0.669919
0.247866
0.747560
0.404894
0.521090
0.505967
0.415236
0.363505
0.426219
0.526237
0.479850
0.420965
0.436972
0.462072
0.446373
0.409963
0.393431
0.343282
0.760981
0.431284
0.532325
0.519025
0.385029
0.330011
0.383653
0.505850
0.487764
0.424903
0.428413
0.445884
0.397438
0.447477
0.317814
0.356390
0.758556
0.461688
0.540864
0.523295
0.355164
0.286600
0.355429
0.476379
0.469598
0.429868
0.461840
0.489811
0.353999
0.486220
0.351535
0.350664
0.756862
0.478106
0.517470
0.507584
0.325792
0.276171
0.320665
0.431935
0.450696
0.429315
0.543698
0.610810
0.212909
0.419580
0.356853
0.322549
0.780485
0.476541
0.487840
0.486479
0.332428
0.306618
0.292654
0.397805
0.487655
0.462802
0.862045
0.875655
0.139127
0.302802
0.389995
0.307740
0.826851
0.475515
0.471085
0.481563
0.300264
0.298329
0.287124
0.425908
0.605146
0.508377
0.946950
0.867392
0.055573
0.142211
0.375351
0.283563
0.833336
0.454437
0.436820
0.457121
0.259320
0.286243
0.300904
0.423523
0.583894
0.463441
0.807659
0.848797
0.073719
0.227639
0.401897
0.347293
0.732130
0.453571
0.368905
0.422521
0.314641
0.380267
0.389352
0.435613
0.495908
0.439036
0.535332
0.735093
0.240766
0.359889
0.399619
0.345421
0.929180
0.972466
1.016561
1.013421
1.004492
0.998840
1.000575
1.000546
0.997726
0.992666
0.983430
0.971759
0.976199
0.984848
0.983301
0.976784
0.363225
0.151067
0.304490
0.124623
0.085285
0.029408
0.018303
0.009700
0.009939
0.024443
0.098555
0.209760
0.259153
0.295483
0.246604
0.541882
0.150036
0.055285
0.144635
0.166974
0.162931
0.074662
0.037281
0.033680
0.075750
0.128806
0.291718
0.395335
0.282813
0.365888
0.379976
0.647562
0.122781
0.103051
0.217629
0.353299
0.339919
0.261085
0.278062
0.398681
0.406048
0.419778
0.433573
0.409432
0.190459
0.167580
0.207413
0.478169
0.355561
0.380669
0.462733
0.524020
0.511123
0.462009
0.551022
0.634903
0.609303
0.629203
0.532679
0.333828
0.158633
0.076699
0.047694
0.148512
0.530866
0.489978
0.496549
0.500500
0.415218
0.377761
0.436816
0.527733
0.544272
0.575693
0.498166
0.292577
0.104783
0.022922
-0.003030
0.023909
0.489973
0.497183
0.453220
0.437669
0.408117
0.418235
0.443584
0.515169
0.494755
0.460539
0.380068
0.309578
0.153510
0.052467
0.002599
0.038200
0.524819
0.576598
0.575769
0.582490
0.582496
0.570067
0.544057
0.571116
0.604470
0.569107
0.543403
0.518181
0.413582
0.281596
0.196317
0.257425
0.535301
0.589408
0.600133
0.601095
0.601330
0.595951
0.591967
0.603412
0.626324
0.631231
0.608273
0.579569
0.562283
0.554959
0.551697
0.519254
0.528422
0.618782
0.674994
0.671859
0.658741
0.588945
0.548830
0.533860
0.543011
0.557361
0.553861
0.556167
0.542836
0.529309
0.579961
0.573168
0.525118
0.609283
0.659102
0.639625
0.619440
0.570067
0.515440
0.505489
0.502537
0.519268
0.541552
0.548542
0.488573
0.444572
0.521582
0.562422
0.519094
0.592981
0.648469
0.651929
0.654910
0.640393
0.580114
0.569306
0.551782
0.547142
0.525447
0.527623
0.389438
0.431140
0.499541
0.541685
0.573954
0.613802
0.641449
0.652677
0.661987
0.661898
0.622409
0.595877
0.646595
0.735851
0.872828
0.982898
0.963997
0.766020
0.645476
0.599152
0.579641
0.593131
0.601147
0.601992
0.615477
0.624249
0.606161
0.612152
0.715624
0.780580
0.705844
0.741485
0.691843
0.532598
0.376119
0.430136
0.534961
0.533306
0.524012
0.541795
0.547153
0.566132
0.586871
0.519632
0.395912
0.220364
0.058082
0.004936
0.008898
0.175889
0.338340
0.410514
0.209716
0.128803
0.160129
0.186060
0.259872
0.384532
0.447309
0.459199
0.479564
0.532659
0.498476
0.361859
0.401876
0.527458
0.522545
0.535375
-0.813886
0.306520
0.065695
0.595601
0.345445
0.136867
0.068990
0.071662
0.018843
-0.011439
-0.047617
-0.047377
-0.135552
-0.233609
-0.483180
-0.931876
-1.686953
-0.405619
-0.600664
0.062160
-0.396117
-0.503856
-0.571530
-0.518315
-0.582029
-0.584437
-0.579199
-0.703606
-0.694549
-0.796716
-0.890804
-1.682850
-1.598805
-0.563564
-0.788128
-0.424561
-1.054712
-1.050595
-0.990620
-0.687655
-0.660220
-0.594907
-0.687953
-0.906038
-0.852477
-1.102782
-1.101829
-1.715143
-1.082786
-0.189199
-0.153576
-0.356225
-1.022293
-0.797941
-0.370681
0.012221
0.175611
0.321466
0.027471
-0.567115
-0.632782
-0.992642
-1.248141
-1.830151
-1.047392
0.021305
0.271950
-0.252941
-0.677982
-0.715482
-0.321873
-0.079782
0.190146
0.388229
0.192531
-0.383368
-0.852093
-1.345751
-1.431809
-1.977069
-0.939698
-0.112797
0.348502
0.014785
-0.235262
-0.503926
-0.379198
-0.110601
0.207238
0.371212
0.249591
-0.313817
-0.824909
-1.368584
-1.457522
-1.800399
-0.893886
-0.474920
0.193911
0.233549
0.138048
-0.073888
-0.159033
-0.134902
0.072399
0.316420
0.245017
0.042156
-0.169056
-0.574672
-0.586172
-1.359539
-0.898257
-0.602793
-0.151548
0.236921
0.327579
0.206189
-0.037969
-0.105682
0.019286
0.326934
0.414844
0.330387
0.154037
0.009363
0.007369
-0.940331
-0.911609
-0.624315
-0.305083
-0.032844
0.206289
0.172158
-0.012045
-0.114222
-0.014034
0.169782
0.239054
0.240683
0.221191
0.147608
0.007065
-0.699598
-0.899491
-0.572376
-0.184314
0.057242
0.211139
0.167111
-0.063109
-0.147603
-0.032470
0.095409
0.107368
0.050566
0.016441
-0.063889
-0.276988
-0.651639
-0.869529
-0.486080
-0.084702
0.152713
0.273346
0.194458
-0.121247
-0.318423
-0.221106
-0.039333
0.108770
0.088371
-0.005081
-0.168429
-0.391175
-0.659001
-0.783975
-0.479640
-0.045527
0.220694
0.398675
0.306540
-0.072941
-0.413808
-0.384338
-0.146656
0.154384
0.219846
0.129408
-0.179886
-0.448077
-0.707107
-0.830126
-0.552704
-0.068256
0.286875
0.500881
0.310379
-0.064418
-0.383257
-0.467098
-0.095382
0.361694
0.223597
0.417128
-0.070454
-0.679177
-0.838676
-0.961674
-0.667349
-0.104937
0.262433
0.441657
0.350238
-0.015309
-0.255146
-0.434127
-0.093618
0.647274
0.357694
0.254757
0.244123
-0.599776
-0.806694
-0.965277
-0.643725
-0.040634
0.262372
0.364062
0.283460
-0.029689
-0.251777
-0.551837
-0.292903
0.330607
0.212416
0.369088
-0.162190
-0.588877
-0.912529
-0.653777
-0.601275
-0.098097
0.179467
0.277670
0.203522
-0.016354
-0.192658
-0.312067
-0.121372
0.318460
0.476996
0.419255
-0.149056
-0.279158
-0.594697
0.348617
-0.648708
-1.506462
-2.082667
-2.343742
-2.455191
-2.539165
-2.573184
-2.545171
-2.387206
-2.053354
-1.525005
-1.235831
-0.786906
-1.194066
-0.920455
0.915933
-0.024152
-0.819121
-1.142973
-1.351591
-1.381200
-1.604959
-1.739127
-1.786407
-1.706856
-1.359614
-0.900900
-0.797132
-0.516480
-0.709911
-0.288013
0.934066
0.486093
0.089154
-0.272018
-0.368442
-0.349659
-0.434854
-0.608290
-0.610045
-0.398373
-0.233963
-0.206756
-0.480760
-0.416303
-0.434508
-0.106550
0.618404
0.578249
0.164969
-0.191125
-0.227327
-0.162324
-0.204326
-0.309335
-0.210629
-0.103375
-0.062800
-0.242867
-0.301647
-0.434487
-0.589801
-0.134790
0.541731
0.581331
0.208410
0.003225
0.014929
-0.020170
-0.214444
-0.485354
-0.307406
0.070903
0.186340
-0.019390
-0.154850
-0.064144
-0.267757
0.243372
0.108388
0.184153
0.156039
-0.094090
-0.072952
-0.022648
-0.277559
-0.563804
-0.213503
0.178534
0.099271
0.086885
0.201897
0.492834
0.308037
0.506670
0.010960
-0.029957
0.051556
0.032012
0.002845
0.071511
-0.134065
-0.392827
-0.092530
0.187702
0.151113
0.219550
0.266006
0.451398
0.398629
0.419865
0.148551
0.037425
-0.087796
-0.007931
-0.062833
-0.070998
-0.161377
-0.287036
-0.202983
-0.029758
0.087437
0.156804
0.250929
0.299959
0.365481
0.156560
0.263298
0.164552
-0.045056
-0.058406
-0.101552
-0.193355
-0.159503
-0.155345
-0.158558
-0.150410
-0.225544
-0.294782
-0.204816
-0.081209
-0.090087
-0.090233
0.355302
0.276680
0.078419
0.035515
-0.036876
-0.167852
-0.170326
-0.092581
-0.113268
-0.190746
-0.321475
-0.375095
-0.412167
-0.292699
-0.228543
-0.141788
0.242810
0.136845
-0.051676
-0.041938
-0.072677
-0.170265
-0.234565
-0.234875
-0.264585
-0.305287
-0.425770
-0.434999
-0.473473
-0.389494
-0.380548
-0.230147
0.032440
-0.100180
-0.157595
-0.146606
-0.165998
-0.253710
-0.321015
-0.354674
-0.369344
-0.320500
-0.491299
-0.413630
-0.438526
-0.452743
-0.521944
-0.268708
-0.215967
-0.329497
-0.318136
-0.227999
-0.206201
-0.279008
-0.364748
-0.403055
-0.372942
-0.257116
-0.340779
-0.156770
-0.182589
-0.433358
-0.523280
-0.277084
-0.489079
-0.562381
-0.521759
-0.475880
-0.394995
-0.422247
-0.402967
-0.370893
-0.402053
-0.369556
-0.336018
-0.456029
-0.408882
-0.513259
-0.528965
-0.211234
-0.901982
-1.004395
-0.993800
-0.910205
-0.960573
-0.914399
-0.793061
-0.601663
-0.623286
-0.603948
-0.602079
-0.513141
-0.530462
-0.554620
-0.576864
-0.164486
-0.822100
-1.161519
-1.228400
-1.265115
-1.275346
-1.153075
-1.001622
-0.752244
-0.539496
-0.438893
-0.535609
-0.050100
-0.450765
-0.747016
-0.473591
-0.255626
0.000000
0.000000
0.000000
0.000000
0.000000
0.000000
0.000000
0.000000
0.000000
0.000000
0.000000
0.000000
0.000000
0.000000
0.000001
0.000000
0.000000
0.000000
0.000000
0.000000
0.000000
0.000000
0.000000
0.000000
0.000000
0.000000
0.000000
0.000000
0.000000
0.000000
0.000000
0.000000
0.000000
0.000000
0.000000
0.000000
0.000000
0.000000
0.000000
0.000000
0.000000
0.000000
0.000000
0.000000
0.000000
0.000000
0.000000
0.000000
0.000000
0.000000
0.000000
0.000000
0.000000
0.000000
0.000000
0.000000
0.000000
0.000000
0.000000
0.000000
0.000000
0.000000
0.000000
0.000000
0.000000
0.000000
0.000000
0.000000
0.000000
0.000000
0.000001
0.000001
0.000001
0.000000
0.000000
0.000000
0.000000
0.000000
0.000000
0.000000
0.000003
0.000000
0.000000
0.000001
0.000003
0.000001
0.000004
0.000002
0.000001
0.000000
0.000000
0.000000
0.000000
0.000000
0.000000
0.000000
0.000006
0.000002
0.000001
0.000001
0.000004
0.000001
0.000003
0.000001
0.000000
0.000000
0.000000
0.000000
0.000000
0.000000
0.000000
0.000000
0.000005
0.000002
0.000001
0.000001
0.000003
0.000002
0.000002
0.000001
0.000001
0.000001
0.000001
0.000001
0.000001
0.000001
0.000000
0.000000
0.000005
0.000003
0.000000
0.000000
0.000000
0.000001
0.000001
0.000001
0.000001
0.000000
0.000000
0.000001
0.000001
0.000003
0.000001
0.000001
0.000007
0.000004
0.000000
0.000000
0.000001
0.000001
0.000001
0.000002
0.000002
0.000001
0.000001
0.000001
0.000001
0.000002
0.000002
0.000002
0.000016
0.000011
0.000002
0.000001
0.000001
0.000001
0.000000
0.000000
0.000001
0.000000
0.000000
0.000001
0.000001
0.000001
0.000002
0.000001
0.000073
0.000092
0.000020
0.000011
0.000005
0.000001
0.000001
0.000000
0.000000
0.000000
0.000001
0.000004
0.000001
0.000001
0.000003
0.000001
0.000797
0.002180
0.000548
0.000211
0.000046
0.000007
0.000001
0.000001
0.000000
0.000000
0.000000
0.000135
0.000056
0.000003
0.000019
0.000003
0.004476
0.028188
0.008129
0.003728
0.000537
0.000032
0.000004
0.000001
0.000001
0.000002
0.000069
0.996575
0.978402
0.000024
0.000020
0.000004
0.003516
0.063815
0.061852
0.041934
0.005529
0.000137
0.000008
0.000002
0.000001
0.000001
0.000002
0.042678
0.003404
0.000001
0.000001
0.000000
0.000208
0.001468
0.002334
0.001555
0.000287
0.000018
0.000004
0.000001
0.000000
0.000000
0.000000
0.000000
0.000000
0.000000
0.000001
0.000001
0.156116
0.412507
0.439777
0.589726
0.361651
0.189842
0.135378
0.155253
0.186521
0.258661
0.391790
0.487595
0.280450
0.113040
0.056259
0.203943
0.400383
0.959931
0.988888
0.998648
0.995095
0.963443
0.856537
0.788605
0.780054
0.883323
0.950581
0.958886
0.799059
0.496993
0.160908
0.241366
0.166587
0.961892
0.998270
0.999892
0.999445
0.987147
0.811108
0.402779
0.374079
0.835711
0.981055
0.987312
0.900178
0.337536
0.064037
0.162055
0.105487
0.955594
0.999295
0.999960
0.999669
0.983556
0.635341
0.115679
0.229273
0.962308
0.998099
0.999030
0.993109
0.743367
0.092933
0.154536
0.040784
0.870991
0.997881
0.999878
0.999189
0.951061
0.245696
0.024729
0.300689
0.988235
0.999701
0.999910
0.999735
0.984928
0.439495
0.191723
0.016859
0.337863
0.980572
0.998797
0.996403
0.916234
0.135250
0.021624
0.495806
0.993848
0.999749
0.999935
0.999875
0.996754
0.776419
0.252527
0.012443
0.048611
0.737896
0.976613
0.970348
0.809495
0.147995
0.041276
0.493333
0.974924
0.996417
0.998567
0.997446
0.976526
0.659402
0.149706
0.013106
0.017691
0.146111
0.647383
0.692094
0.427169
0.105865
0.049652
0.204707
0.593478
0.757626
0.827958
0.813066
0.594006
0.238302
0.053544
0.021332
0.023700
0.053240
0.256157
0.370171
0.224856
0.074460
0.042969
0.070852
0.104275
0.095672
0.090638
0.084940
0.053296
0.025586
0.019690
0.029892
0.029589
0.044159
0.183899
0.290704
0.203088
0.068685
0.031583
0.030449
0.027794
0.019939
0.015277
0.012444
0.009688
0.008044
0.012900
0.033367
0.026067
0.036452
0.140650
0.260042
0.216351
0.081755
0.031250
0.021934
0.021134
0.022237
0.024685
0.020197
0.009626
0.006350
0.011614
0.024126
0.015010
0.014919
0.046193
0.105501
0.099560
0.042506
0.014058
0.009005
0.016124
0.047985
0.106898
0.122089
0.030849
0.011134
0.014004
0.014549
0.007278
0.006194
0.010800
0.020800
0.023603
0.013548
0.004788
0.003920
0.016707
0.254673
0.501200
0.660360
0.285056
0.043327
0.022758
0.008535
0.003149
0.002992
0.004770
0.005952
0.005303
0.003419
0.001630
0.002671
0.035741
0.718791
0.748542
0.776322
0.522925
0.142761
0.042225
0.008345
0.002759
0.003471
0.005393
0.005330
0.003855
0.003039
0.003311
0.012279
0.202942
0.883818
0.886136
0.907320
0.760023
0.373535
0.108894
0.023295
0.007211
0.007434
0.008615
0.008574
0.008513
0.008386
0.011812
0.039176
0.205531
0.551427
0.520930
0.569061
0.435431
0.291884
0.123246
0.815289
0.695260
0.541734
0.396678
0.561851
0.731518
0.787951
0.761170
0.719784
0.634146
0.486874
0.449355
0.713078
0.860870
0.956011
0.793589
0.747824
0.142159
0.047169
0.005751
0.016047
0.106091
0.306209
0.392935
0.390334
0.230384
0.110249
0.099472
0.477695
0.796094
0.946835
0.854541
0.888561
0.109427
0.004722
0.000290
0.001455
0.027587
0.310307
0.668254
0.659914
0.203642
0.032485
0.027725
0.314169
0.877202
0.985728
0.909058
0.909601
0.049747
0.000905
0.000077
0.000417
0.019634
0.333536
0.857275
0.752444
0.046727
0.003658
0.002344
0.025682
0.616760
0.983752
0.920457
0.960490
0.112112
0.002155
0.000262
0.001316
0.060571
0.780004
0.977690
0.715126
0.015456
0.000718
0.000272
0.001277
0.081590
0.905661
0.880117
0.980766
0.611343
0.017972
0.002002
0.004872
0.091775
0.862339
0.975611
0.447037
0.007020
0.000535
0.000175
0.000444
0.013382
0.520709
0.837729
0.984000
0.941884
0.185964
0.021554
0.028669
0.166178
0.842429
0.948467
0.424052
0.027231
0.005557
0.002564
0.004579
0.034361
0.415381
0.853125
0.983260
0.980374
0.804017
0.266915
0.256981
0.522577
0.876778
0.936854
0.753919
0.355235
0.221239
0.167177
0.173671
0.360229
0.741069
0.918989
0.971991
0.972629
0.927329
0.638271
0.541555
0.706392
0.906315
0.946193
0.911354
0.862492
0.873365
0.886685
0.899358
0.937473
0.975926
0.973256
0.958964
0.962460
0.941637
0.759286
0.608274
0.728637
0.906531
0.956550
0.958479
0.960991
0.971795
0.979141
0.983351
0.986953
0.991427
0.982635
0.953034
0.965792
0.950126
0.812427
0.640287
0.704656
0.886921
0.957613
0.971881
0.972321
0.970373
0.968378
0.976122
0.989173
0.993228
0.984318
0.966024
0.981265
0.979607
0.940987
0.865140
0.869610
0.947347
0.982789
0.988953
0.980634
0.940412
0.872360
0.836713
0.958422
0.987522
0.981681
0.980074
0.991629
0.992564
0.986532
0.975570
0.971845
0.984295
0.994146
0.994834
0.979991
0.712585
0.406327
0.284436
0.630335
0.948716
0.968587
0.988690
0.996284
0.996818
0.994636
0.993362
0.994360
0.996091
0.997865
0.996230
0.957956
0.276506
0.213769
0.207759
0.444529
0.846080
0.945384
0.990076
0.996977
0.996472
0.994462
0.994755
0.996250
0.996414
0.995600
0.982277
0.775045
0.145143
0.139810
0.095903
0.192131
0.542270
0.841358
0.978913
0.992067
0.991773
0.990750
0.990948
0.990972
0.989610
0.983838
0.946398
0.733171
0.417902
0.404954
0.319960
0.417249
0.631171
0.822028
0.906954
0.939227
0.876028
0.530227
0.662353
0.702900
0.769212
0.768773
0.770038
0.716468
0.598047
0.603633
0.805383
0.785297
0.594060
-0.007239
0.974407
1.007391
0.884770
0.308916
0.287274
0.324797
0.493795
0.511090
0.593034
0.623487
0.561789
0.544574
0.819494
0.788623
0.487396
-0.023082
0.958895
1.012302
0.953734
0.284949
0.161806
0.121969
0.265289
0.434477
0.687824
0.855282
0.877908
0.780398
0.937757
0.872370
0.530575
-0.024232
0.831267
0.996978
0.924630
0.328835
0.051403
0.039258
0.150392
0.425752
0.711842
0.930638
0.959046
0.808305
0.900005
0.875123
0.546200
-0.024539
0.694938
0.966135
0.932219
0.471397
0.065241
0.067088
0.293068
0.634466
0.820877
0.951075
0.971836
0.800829
0.781627
0.853815
0.617460
-0.024201
0.558210
0.850155
0.895816
0.568345
0.137726
0.136628
0.454367
0.649934
0.796729
0.906415
0.895717
0.668462
0.529069
0.581651
0.570301
-0.019661
0.524898
0.621269
0.809784
0.608827
0.267837
0.235789
0.492025
0.635054
0.699144
0.782392
0.729389
0.517131
0.343513
0.282829
0.361023
0.023699
0.520447
0.559784
0.687823
0.610582
0.432242
0.372929
0.507213
0.609482
0.604589
0.603762
0.617030
0.543311
0.434616
0.311668
0.327361
0.274689
0.509237
0.522183
0.622984
0.591191
0.496012
0.454964
0.527822
0.586329
0.553661
0.493436
0.485499
0.499350
0.475343
0.407411
0.374806
0.484737
0.510116
0.525111
0.618464
0.586850
0.482811
0.425467
0.475371
0.566949
0.553076
0.514687
0.507533
0.501436
0.438526
0.415758
0.349147
0.517580
0.499482
0.525579
0.583142
0.536541
0.410770
0.341400
0.403852
0.489873
0.493401
0.496745
0.520966
0.500616
0.371480
0.407338
0.345746
0.506064
0.526043
0.543266
0.568212
0.535421
0.376129
0.304476
0.351635
0.433226
0.465627
0.521775
0.639241
0.606286
0.320327
0.372766
0.395404
0.537467
0.581497
0.568597
0.559126
0.526729
0.373880
0.311548
0.333630
0.388005
0.440205
0.564485
0.846748
0.802979
0.117091
0.213919
0.378232
0.549973
0.644070
0.558893
0.540563
0.503999
0.349117
0.314036
0.331335
0.387520
0.507568
0.720437
0.979996
0.841658
0.071704
0.056506
0.391683
0.567231
0.664687
0.528670
0.488431
0.483980
0.310499
0.286384
0.335198
0.401602
0.489642
0.653283
0.928080
0.814452
0.070165
0.151718
0.389496
0.544690
0.601821
0.454262
0.451579
0.455915
0.367558
0.382573
0.405250
0.429452
0.490333
0.587989
0.761922
0.765933
0.201141
0.261828
0.391492
0.517848
0.931639
0.964513
1.001554
1.002811
0.990843
0.982870
0.978076
0.972785
0.967818
0.960000
0.941778
0.934095
0.949083
0.971445
0.979171
0.901709
0.398283
0.128098
0.081188
0.021877
0.010650
-0.001186
-0.004247
-0.005896
-0.002578
0.011622
0.048737
0.115682
0.154254
0.169828
0.124965
0.288105
0.186048
0.072041
0.072790
0.031184
0.070990
0.072582
0.071347
0.069988
0.109244
0.184785
0.275570
0.268070
0.220815
0.191398
0.220557
0.243774
0.177108
0.116525
0.133362
0.120526
0.129317
0.172166
0.238336
0.316967
0.363046
0.510591
0.459006
0.240725
0.110255
0.034960
0.071392
0.134291
0.436594
0.426135
0.393737
0.295507
0.303231
0.397529
0.513123
0.541587
0.595753
0.723777
0.583195
0.225293
0.065768
0.003100
0.009283
0.020919
0.598768
0.557126
0.552843
0.422571
0.321950
0.354063
0.487328
0.511374
0.558895
0.667337
0.542019
0.256761
0.043298
-0.011464
-0.015887
-0.009599
0.591732
0.531434
0.539950
0.446391
0.363102
0.381422
0.472365
0.521075
0.551619
0.509808
0.374947
0.230182
0.072017
0.004310
0.000211
0.018227
0.609907
0.545556
0.580462
0.513717
0.415520
0.398473
0.431054
0.515002
0.562954
0.509528
0.445241
0.424894
0.316848
0.166134
0.151633
0.186460
0.622146
0.542887
0.552172
0.542250
0.469388
0.440549
0.478810
0.541601
0.578745
0.569846
0.521798
0.484507
0.454957
0.409175
0.402931
0.425854
0.611581
0.548595
0.557523
0.583270
0.543179
0.467242
0.460688
0.466334
0.480321
0.479195
0.470660
0.480486
0.478233
0.484531
0.497862
0.533797
0.586447
0.552892
0.554478
0.566302
0.539391
0.456510
0.436345
0.455434
0.458682
0.463464
0.485867
0.515471
0.499668
0.491199
0.538806
0.569345
0.578532
0.541955
0.571778
0.580788
0.566760
0.516847
0.482187
0.504156
0.517421
0.511685
0.504896
0.490130
0.392031
0.469164
0.559026
0.602970
0.610122
0.552655
0.550320
0.549976
0.564790
0.546687
0.528131
0.564389
0.646020
0.710882
0.861004
0.950579
0.940642
0.827901
0.739450
0.678897
0.623362
0.553821
0.527054
0.504898
0.517383
0.523993
0.521142
0.578214
0.680311
0.709424
0.758233
0.710748
0.683140
0.560303
0.541151
0.584337
0.609971
0.553222
0.489381
0.426020
0.432167
0.455991
0.496527
0.534225
0.503133
0.343160
0.143911
0.018187
0.012122
0.186821
0.466766
0.533062
0.444603
0.359687
0.382024
0.383099
0.443182
0.543001
0.596982
0.632636
0.676241
0.737191
0.709526
0.491856
0.364361
0.528838
0.657117
0.608820
0.003042
0.173634
0.188213
0.830499
0.936049
0.902315
0.852734
0.844189
0.769790
0.622291
0.452324
0.377319
0.178100
-0.579835
-1.044561
-0.099017
0.099043
0.019879
0.021102
0.899374
1.110304
1.167972
1.005798
0.965157
0.973179
0.830568
0.540173
0.444811
0.198718
-0.549190
-1.379746
-0.756684
-0.001666
0.099585
0.672753
1.264651
1.241914
1.135005
0.649746
0.478960
0.509867
0.995733
0.779029
0.534411
0.416013
-0.432668
-1.496579
-0.535224
0.247772
0.703707
1.109773
1.510036
1.339716
1.116478
0.651609
0.405135
0.577083
1.154109
1.087677
0.873325
1.071827
0.169953
-1.334798
-0.822381
-0.139372
0.765657
1.073949
1.041072
0.813160
0.610283
0.182852
-0.074596
0.295894
0.877560
1.312364
1.344591
1.453609
0.898720
-0.942805
-0.797883
-0.591360
0.082931
0.488082
0.593646
0.601009
0.378381
-0.123284
-0.133718
0.443625
0.817059
1.239081
1.410089
1.648490
1.055116
-0.455307
-0.585931
-0.774267
-0.470732
0.145443
0.232980
0.124443
0.246097
-0.041179
-0.088447
0.191275
0.486449
0.676094
0.950717
1.221228
0.769259
0.020478
-0.303119
-0.818530
-0.747873
-0.342929
-0.191620
-0.242866
-0.062613
-0.184222
-0.277715
-0.231315
-0.021754
0.125141
0.258304
0.278398
0.157264
-0.004884
-0.094819
-0.814458
-0.829583
-0.452596
-0.352769
-0.345729
-0.319222
-0.276125
-0.386756
-0.399888
-0.372097
-0.333571
-0.353220
-0.530569
-0.731561
-0.732874
-0.609276
-0.854988
-0.891254
-0.529835
-0.404803
-0.382509
-0.291903
-0.234632
-0.369652
-0.427928
-0.388916
-0.337545
-0.325462
-0.441817
-0.597624
-0.791989
-0.654094
-0.912531
-0.961999
-0.588053
-0.384173
-0.364592
-0.294012
-0.261140
-0.410763
-0.402750
-0.329339
-0.301508
-0.336197
-0.331703
-0.497579
-0.721329
-0.582939
-0.968323
-1.020927
-0.668871
-0.410147
-0.369790
-0.373441
-0.416712
-0.493757
-0.491838
-0.362896
-0.236147
-0.354105
-0.176010
-0.286308
-0.586130
-0.431141
-0.935158
-1.093264
-0.815832
-0.573789
-0.467867
-0.508264
-0.555516
-0.532833
-0.533956
-0.353154
0.081271
-0.359724
-0.170899
0.012378
-0.463793
-0.336189
-0.834423
-1.069151
-0.830720
-0.589127
-0.541767
-0.598363
-0.576255
-0.514986
-0.554168
-0.339468
-0.101633
-0.556797
-0.516137
-0.168730
-0.454370
-0.309338
-0.559241
-0.762860
-0.618998
-0.537345
-0.509330
-0.523042
-0.455475
-0.423597
-0.417021
-0.093292
0.444217
-0.316119
-0.399907
-0.106046
-0.185702
-0.098551
-0.438871
-0.545951
-0.500248
-0.366925
-0.238312
-0.237685
-0.233987
-0.161259
-0.092327
0.232429
0.766722
0.409642
0.178963
0.273257
0.145836
-0.026646
0.276788
-0.651208
-1.648243
-2.011773
-2.343844
-2.358747
-2.475244
-2.482464
-2.418254
-2.187279
-1.802081
-1.506171
-1.426644
-1.449831
-1.159577
-0.473742
0.863933
0.159519
-0.947796
-0.518396
-0.944044
-0.926097
-0.921228
-0.901466
-0.904578
-0.923613
-0.904333
-0.749382
-1.134135
-1.207495
-0.832210
0.309477
1.294699
1.342378
0.551968
1.469940
0.961682
1.166861
1.243311
1.196248
1.043367
0.871329
0.422866
0.268004
-0.243445
-0.817265
-0.517521
0.596800
1.194706
1.539937
0.932123
1.326910
1.031770
1.054154
0.843744
0.599906
0.422893
0.495395
-0.038803
0.002093
-0.326736
-1.015777
-0.710572
0.414806
0.835315
1.328054
1.115360
1.287018
0.866002
0.586768
0.142769
-0.296988
-0.129927
0.538073
0.375430
0.525431
0.296760
-0.491497
-0.164034
0.722498
0.160973
0.443925
0.699011
0.951105
0.738544
0.331405
-0.334614
-0.468064
0.054367
0.591327
0.706397
1.000486
1.076301
0.541074
0.751918
1.129057
0.089646
0.042525
0.507958
0.863987
0.824863
0.483086
-0.007155
-0.140021
0.251783
0.637276
0.906277
1.301216
1.573808
1.563568
1.864020
1.499432
0.229092
0.014976
0.111527
0.415940
0.430407
0.256637
-0.059786
-0.216348
0.047665
0.401490
0.656478
0.864040
1.047272
1.231730
1.736875
0.940378
0.343522
0.189020
0.120121
0.163144
0.076988
-0.055602
-0.117668
-0.107139
-0.028457
-0.024863
-0.092241
-0.040945
0.024434
0.087569
0.265253
0.223550
0.367400
0.193863
0.099153
0.123175
-0.020896
-0.090777
-0.095721
-0.162979
-0.161488
-0.194463
-0.321264
-0.372312
-0.406797
-0.361612
-0.253973
-0.145362
0.217358
-0.019739
-0.095482
0.022520
-0.030834
-0.041718
-0.067927
-0.079673
-0.132062
-0.195204
-0.288051
-0.398398
-0.450438
-0.435216
-0.378703
-0.238778
-0.025154
-0.360935
-0.399661
-0.271137
-0.176139
-0.140301
-0.165831
-0.177286
-0.292605
-0.412732
-0.538332
-0.495873
-0.336360
-0.564378
-0.507758
-0.341712
-0.314853
-0.601076
-0.632355
-0.600276
-0.514205
-0.372737
-0.309456
-0.315763
-0.385543
-0.282999
-0.163754
-0.271224
-0.193093
-0.372604
-0.319585
-0.324125
-0.407634
-0.845676
-0.845479
-0.849588
-0.834088
-0.636670
-0.497413
-0.518445
-0.705191
-0.759313
-1.006983
-0.919330
-0.881500
-0.520271
-0.228709
-0.355280
-0.523362
-1.076699
-1.200421
-1.191862
-1.128253
-0.908143
-0.685764
-0.552196
-0.670463
-0.592734
-0.425502
-0.777026
-0.622359
-0.065334
0.152117
-0.080370
-0.307251
-0.655315
-0.938828
-1.055942
-1.048065
-0.883960
-0.588987
-0.387269
-0.110055
0.125193
0.530097
0.556646
0.429817
0.388493
0.294858
-0.001043
0.000000
0.000000
0.000000
0.000000
0.000000
0.000000
0.000000
0.000000
0.000000
0.000000
0.000000
0.000000
0.000000
0.000000
0.000000
0.000000
0.000000
0.000000
0.000000
0.000000
0.000000
0.000000
0.000000
0.000000
0.000000
0.000000
0.000000
0.000000
0.000000
0.000000
0.000000
0.000000
0.000000
0.000000
0.000000
0.000000
0.000000
0.000000
0.000000
0.000000
0.000000
0.000000
0.000000
0.000000
0.000000
0.000000
0.000000
0.000000
0.000000
0.000000
0.000000
0.000000
0.000000
0.000000
0.000000
0.000000
0.000000
0.000000
0.000000
0.000000
0.000000
0.000000
0.000000
0.000000
0.000000
0.000000
0.000000
0.000000
0.000000
0.000000
0.000000
0.000000
0.000000
0.000000
0.000000
0.000000
0.000000
0.000000
0.000000
0.000000
0.000000
0.000000
0.000000
0.000000
0.000002
0.000000
0.000000
0.000000
0.000000
0.000000
0.000000
0.000000
0.000000
0.000000
0.000000
0.000000
0.000001
0.000000
0.000000
0.000000
0.000001
0.000001
0.000001
0.000000
0.000000
0.000000
0.000000
0.000000
0.000000
0.000000
0.000000
0.000000
0.000001
0.000000
0.000000
0.000000
0.000001
0.000000
0.000000
0.000000
0.000000
0.000000
0.000000
0.000000
0.000000
0.000000
0.000000
0.000000
0.000001
0.000000
0.000000
0.000000
0.000000
0.000000
0.000000
0.000000
0.000000
0.000000
0.000000
0.000000
0.000000
0.000001
0.000000
0.000000
0.000001
0.000001
0.000000
0.000000
0.000000
0.000000
0.000000
0.000000
0.000000
0.000000
0.000000
0.000000
0.000000
0.000000
0.000000
0.000000
0.000002
0.000001
0.000001
0.000000
0.000000
0.000000
0.000000
0.000000
0.000000
0.000000
0.000000
0.000000
0.000000
0.000000
0.000000
0.000000
0.000007
0.000006
0.000005
0.000003
0.000002
0.000000
0.000000
0.000000
0.000000
0.000000
0.000000
0.000001
0.000000
0.000000
0.000000
0.000000
0.000032
0.000048
0.000098
0.000077
0.000022
0.000003
0.000000
0.000000
0.000000
0.000000
0.000000
0.000077
0.000030
0.000000
0.000000
0.000000
0.000068
0.000082
0.000498
0.001262
0.000281
0.000014
0.000001
0.000000
0.000000
0.000000
0.000054
0.973480
0.770668
0.000005
0.000000
0.000001
0.000049
0.000056
0.000206
0.000938
0.000309
0.000010
0.000001
0.000000
0.000000
0.000000
0.000000
0.002943
0.000752
0.000000
0.000000
0.000000
0.000015
0.000023
0.000054
0.000078
0.000026
0.000002
0.000001
0.000000
0.000000
0.000000
0.000000
0.000000
0.000000
0.000000
0.000000
0.000001
0.514310
0.892530
0.915817
0.954631
0.947184
0.913338
0.880589
0.875986
0.875928
0.880925
0.890082
0.908966
0.817459
0.677439
0.421553
0.507210
0.692542
0.977957
0.990628
0.998867
0.997605
0.991813
0.973173
0.961639
0.961356
0.976781
0.983799
0.984992
0.953621
0.897072
0.700800
0.593216
0.406093
0.953330
0.997962
0.999847
0.999422
0.993303
0.927727
0.758959
0.751298
0.941347
0.989759
0.993734
0.970403
0.833831
0.465594
0.513696
0.160315
0.941788
0.998547
0.999886
0.999335
0.982021
0.701227
0.213821
0.308797
0.929870
0.995333
0.998202
0.993208
0.940040
0.522264
0.437647
0.069006
0.842064
0.996812
0.999828
0.999028
0.965322
0.448624
0.048982
0.274858
0.968826
0.999020
0.999772
0.999238
0.986204
0.709628
0.434989
0.037864
0.373617
0.970562
0.998609
0.996894
0.936436
0.264074
0.036689
0.412093
0.982458
0.999385
0.999832
0.999571
0.992621
0.734074
0.370173
0.028579
0.060955
0.665435
0.975420
0.981845
0.870432
0.234159
0.055698
0.389473
0.946390
0.994679
0.998474
0.997496
0.980101
0.678528
0.227275
0.026343
0.024037
0.135426
0.628516
0.770377
0.571803
0.158934
0.060140
0.162322
0.530355
0.791200
0.891204
0.895963
0.725123
0.311321
0.098651
0.034275
0.025974
0.045713
0.210017
0.347090
0.249482
0.092785
0.047137
0.058738
0.095530
0.110255
0.118092
0.112594
0.074648
0.040765
0.039268
0.045505
0.034203
0.044598
0.145864
0.244763
0.181545
0.076658
0.036741
0.032814
0.029756
0.024220
0.019020
0.015644
0.012314
0.010813
0.021622
0.055030
0.034096
0.042971
0.120976
0.216087
0.178020
0.075060
0.032160
0.020511
0.018010
0.020788
0.021655
0.018095
0.009875
0.007979
0.017930
0.051609
0.027053
0.024794
0.053407
0.107988
0.102491
0.044332
0.017639
0.011999
0.018214
0.049460
0.095843
0.103025
0.036209
0.015853
0.023989
0.044669
0.019539
0.013639
0.017808
0.027767
0.029719
0.017414
0.008013
0.007003
0.018561
0.248613
0.499709
0.543902
0.348641
0.073678
0.046108
0.033591
0.014146
0.009711
0.009903
0.009847
0.008037
0.005600
0.003629
0.006387
0.045352
0.709244
0.777923
0.765300
0.568707
0.211818
0.090054
0.040572
0.018341
0.012116
0.011272
0.009020
0.006346
0.005225
0.006084
0.020107
0.179523
0.824965
0.840973
0.898291
0.758753
0.497076
0.193243
0.061092
0.035989
0.026762
0.023117
0.018694
0.016601
0.016089
0.019770
0.051461
0.209885
0.608236
0.625878
0.658555
0.569901
0.394590
0.187987
0.422387
0.114890
0.090936
0.045611
0.070000
0.113190
0.150020
0.141863
0.131865
0.113584
0.095074
0.093689
0.159042
0.271855
0.413093
0.474241
0.217485
0.014356
0.004281
0.000544
0.001078
0.004717
0.016304
0.028069
0.031656
0.018907
0.011211
0.011715
0.031943
0.095220
0.210992
0.427811
0.428020
0.014829
0.000704
0.000063
0.000257
0.003033
0.035645
0.146977
0.147882
0.024409
0.004368
0.002868
0.009971
0.101690
0.323387
0.632126
0.746968
0.032803
0.001115
0.000058
0.000340
0.009738
0.218999
0.725793
0.551210
0.035448
0.001936
0.000503
0.001357
0.032621
0.300677
0.613191
0.908465
0.104197
0.003033
0.000167
0.000647
0.020867
0.498022
0.920760
0.535069
0.020031
0.000493
0.000076
0.000138
0.003516
0.109335
0.591228
0.956310
0.600965
0.029995
0.001875
0.002681
0.042249
0.684368
0.946919
0.446009
0.015335
0.000582
0.000090
0.000128
0.001879
0.058155
0.531188
0.973249
0.940677
0.300807
0.031139
0.021295
0.116275
0.737987
0.934701
0.533985
0.051193
0.005092
0.001316
0.001717
0.015865
0.228428
0.700756
0.977749
0.978033
0.853481
0.390410
0.249020
0.428753
0.839840
0.936272
0.818666
0.466178
0.191765
0.088801
0.088805
0.260080
0.700940
0.877526
0.969854
0.979083
0.950726
0.827314
0.735889
0.799312
0.919452
0.956172
0.944311
0.920253
0.900301
0.887959
0.881180
0.919829
0.961954
0.952648
0.960697
0.976393
0.961581
0.881992
0.820728
0.862229
0.942308
0.969663
0.973122
0.975985
0.980026
0.982863
0.985377
0.987864
0.989159
0.971568
0.956248
0.978125
0.968800
0.915315
0.856705
0.874137
0.945155
0.976056
0.983954
0.985278
0.983075
0.980885
0.983752
0.990354
0.992333
0.977452
0.958407
0.983465
0.983775
0.965599
0.937681
0.933161
0.969692
0.986674
0.990813
0.984548
0.952728
0.902218
0.882177
0.959706
0.985662
0.972433
0.961979
0.987110
0.990715
0.988328
0.984231
0.980801
0.987005
0.993410
0.993729
0.979256
0.757003
0.542518
0.399132
0.639471
0.931792
0.950221
0.965431
0.991305
0.993526
0.993252
0.993969
0.994516
0.995623
0.996897
0.993526
0.938414
0.340015
0.225716
0.238681
0.352369
0.776199
0.907334
0.952090
0.987807
0.990254
0.989911
0.992662
0.994885
0.995594
0.994139
0.975402
0.809820
0.246386
0.130126
0.120341
0.207045
0.522560
0.784337
0.923762
0.970793
0.979382
0.980350
0.984058
0.985370
0.984868
0.979515
0.937198
0.761948
0.519103
0.405620
0.367185
0.454228
0.578751
0.768463
