0.643600
0.508065
0.553857
0.631544
0.498196
0.620133
0.623528
0.559723
0.530975
0.497685
0.413145
0.410211
0.679270
0.533534
0.872461
-0.005198
0.823685
0.508190
0.488107
0.611317
0.443703
0.547029
0.532835
0.453928
0.405342
0.411653
0.351924
0.322803
0.656116
0.409360
0.871696
-0.016392
0.930680
0.806090
0.430610
0.648870
0.709690
0.846859
0.820281
0.706512
0.666798
0.691038
0.648773
0.515050
0.788850
0.571129
0.929643
-0.018363
0.907434
0.827727
0.371953
0.483017
0.530742
0.767032
0.866539
0.752465
0.644553
0.721894
0.759198
0.557777
0.774970
0.729171
0.899835
-0.017789
0.742801
0.725641
0.409689
0.475420
0.498674
0.698434
0.834943
0.791751
0.743076
0.763627
0.829591
0.769076
0.860218
0.912358
0.930373
-0.007516
0.557367
0.619164
0.438496
0.449905
0.467417
0.546933
0.711040
0.737700
0.709990
0.702738
0.774874
0.844471
0.883402
0.920038
0.931730
0.083960
0.549117
0.603640
0.466204
0.414183
0.442870
0.415823
0.465549
0.620945
0.753767
0.698367
0.611673
0.828144
0.843160
0.766143
0.878926
0.310912
0.597929
0.607372
0.481168
0.401049
0.503676
0.458263
0.429989
0.663145
0.807656
0.678782
0.565768
0.799146
0.816652
0.576703
0.736542
0.440646
0.651668
0.564859
0.491755
0.418672
0.549334
0.558289
0.564137
0.748101
0.849136
0.652196
0.532790
0.721211
0.833022
0.539538
0.678391
0.370977
0.683089
0.540975
0.458975
0.470175
0.560067
0.548350
0.558698
0.693342
0.801230
0.549669
0.454067
0.630466
0.779889
0.494814
0.671187
0.234667
0.693835
0.516848
0.433587
0.558141
0.627633
0.494041
0.507955
0.647076
0.776409
0.523746
0.417017
0.588466
0.744132
0.478436
0.735717
0.108298
0.707762
0.519767
0.436950
0.640675
0.741238
0.607010
0.568345
0.603246
0.797444
0.600819
0.423776
0.557672
0.775857
0.573754
0.692895
0.040587
0.687514
0.504229
0.417093
0.684737
0.710319
0.530953
0.491549
0.542411
0.765694
0.642514
0.488303
0.601965
0.783551
0.606382
0.786120
0.001279
0.686524
0.509624
0.407370
0.653165
0.598233
0.479289
0.528226
0.576337
0.709783
0.662907
0.552134
0.584628
0.770039
0.607991
0.857894
-0.004386
0.639472
0.466912
0.386336
0.619886
0.495885
0.357654
0.441711
0.559843
0.727906
0.650373
0.604532
0.618582
0.771719
0.722710
0.899154
0.017762
0.611816
0.523200
0.476038
0.617610
0.571349
0.432521
0.498386
0.641106
0.715728
0.661252
0.639127
0.649655
0.741458
0.811334
0.927520
0.123544
0.877817
0.780007
0.862645
0.905330
0.878764
0.865288
0.879686
0.880696
0.873476
0.849084
0.789389
0.751132
0.764813
0.808548
0.832298
0.831182
0.314158
0.253069
0.085329
0.006625
-0.006918
-0.015131
-0.019041
-0.019119
-0.017864
-0.014790
-0.008097
0.014280
0.050424
0.069438
0.043110
0.251408
0.137509
0.071443
0.070706
0.028826
0.071368
0.113967
0.180911
0.211468
0.199570
0.228038
0.196370
0.197697
0.117492
0.216182
0.282734
0.620667
0.038988
0.014343
0.061582
0.244028
0.483217
0.435073
0.399849
0.261928
0.197696
0.170648
0.169156
0.201041
0.119951
0.132173
0.167179
0.446798
0.328535
0.396354
0.529167
0.568092
0.570422
0.560883
0.443409
0.267670
0.231071
0.237160
0.204852
0.194164
0.111859
0.089372
0.098827
0.346757
0.539217
0.590629
0.596440
0.509881
0.497882
0.566520
0.472096
0.356318
0.361829
0.446509
0.412377
0.292801
0.178318
0.074410
0.048798
0.170570
0.499019
0.510861
0.563671
0.541286
0.550745
0.621973
0.594372
0.557289
0.592665
0.576747
0.477564
0.362007
0.355715
0.399586
0.369227
0.376287
0.479437
0.481172
0.560798
0.598590
0.609140
0.672691
0.679235
0.676028
0.732912
0.619613
0.491861
0.410810
0.448819
0.454772
0.484190
0.550541
0.542265
0.517859
0.545750
0.612719
0.645996
0.698381
0.688196
0.612727
0.502375
0.413439
0.333368
0.356903
0.424182
0.388511
0.432964
0.491022
0.524626
0.519459
0.580273
0.620403
0.662698
0.612514
0.475715
0.407072
0.352604
0.285717
0.281522
0.408868
0.588797
0.556870
0.547844
0.500862
0.585562
0.650328
0.733934
0.746652
0.751678
0.712348
0.670936
0.559015
0.470200
0.413804
0.430831
0.405051
0.493562
0.576742
0.613064
0.580010
0.539443
0.579865
0.638763
0.718922
0.783413
0.758340
0.718573
0.647329
0.588643
0.571225
0.551972
0.508699
0.538606
0.563681
0.643752
0.573262
0.544549
0.625185
0.660921
0.629038
0.532283
0.388501
0.310231
0.407129
0.490383
0.558585
0.533587
0.554746
0.661650
0.729421
0.689109
0.565903
0.511506
0.595473
0.645125
0.636932
0.582198
0.409394
0.365054
0.472793
0.541169
0.535690
0.498628
0.414174
0.340573
0.194980
0.183159
0.354321
0.494967
0.549414
0.642242
0.706856
0.760438
0.704131
0.656862
0.708480
0.736767
0.622262
0.509950
0.428047
0.275654
0.107621
0.115070
0.316838
0.356617
0.309759
0.338953
0.284805
0.288090
0.263800
0.270113
0.250243
0.190872
0.123103
0.124343
0.134081
0.109196
0.063739
0.073634
0.187718
-1.181814
-0.180022
0.227454
0.379403
0.491502
0.390526
0.134336
0.060253
0.051453
0.031431
-0.023171
-0.111717
-0.002398
-0.095801
-0.128325
-0.412214
-1.562982
-0.684936
-0.400538
-0.233839
-0.264833
-0.432844
-0.443176
-0.433534
-0.464221
-0.503387
-0.486326
-0.606648
-0.485396
-0.495683
-0.485092
-0.857465
-1.701452
-0.891693
-0.666345
-0.346251
-0.386496
-0.592634
-0.753953
-0.528730
-0.604562
-0.798597
-0.833200
-0.920336
-1.059203
-0.948806
-0.736687
-0.671030
-1.497414
-0.555669
-0.414502
-0.187194
-0.242961
-0.447294
-0.488025
-0.489462
-0.729498
-0.835691
-0.843969
-0.889351
-0.921134
-0.814471
-0.716505
-0.841929
-1.112367
-0.215947
0.036970
-0.104916
-0.372142
-0.285427
-0.119450
-0.218893
-0.790024
-1.024260
-1.033346
-0.997409
-1.218550
-1.058238
-0.977173
-0.970986
-1.131685
-0.380317
0.003800
-0.201219
-0.354567
-0.135460
0.053714
-0.000021
-0.507233
-0.775936
-0.923925
-0.898241
-1.132099
-1.145018
-1.023621
-1.169856
-1.154654
-0.670223
-0.331291
-0.297766
-0.236312
0.026796
0.235333
0.073170
-0.355286
-0.432182
-0.671560
-0.826438
-0.956320
-0.846142
-0.810638
-1.193340
-1.124440
-0.851060
-0.535571
-0.388398
-0.231039
-0.129465
-0.090251
-0.319422
-0.405780
-0.388378
-0.597888
-0.687851
-0.653159
-0.683362
-0.678009
-1.302108
-1.151174
-0.930344
-0.630351
-0.391254
-0.225751
-0.282422
-0.328693
-0.517042
-0.479658
-0.419128
-0.564904
-0.564394
-0.389521
-0.381036
-0.728478
-1.372785
-1.153944
-0.908683
-0.624226
-0.323391
-0.101191
-0.160385
-0.038066
-0.217525
-0.257755
-0.340930
-0.498322
-0.554181
-0.327813
-0.190752
-0.661929
-1.325941
-1.088982
-0.796702
-0.557193
-0.363280
-0.279116
-0.310498
-0.070995
-0.201276
-0.213573
-0.222202
-0.390871
-0.616879
-0.275580
-0.148131
-0.722676
-1.297243
-1.004043
-0.695978
-0.501994
-0.474269
-0.616042
-0.508247
-0.430786
-0.465268
-0.453387
-0.411467
-0.509691
-0.455940
-0.151357
-0.211571
-0.714687
-1.111603
-0.968372
-0.632846
-0.381275
-0.332417
-0.337805
-0.111148
-0.231883
-0.348201
-0.299486
-0.285290
-0.414687
-0.400572
-0.376187
-0.473212
-0.805498
-0.957684
-0.887839
-0.508654
-0.161648
0.090579
0.173013
0.439233
0.291527
0.198590
0.076226
0.041762
-0.137353
-0.438837
-0.691421
-0.838665
-1.005145
-0.925525
-0.813562
-0.406410
-0.052557
0.222870
0.399737
0.692658
0.637946
0.564134
0.144814
0.017211
-0.220956
-0.554690
-0.918122
-1.011310
-0.992549
-0.939096
-0.592718
-0.264648
-0.001674
0.279157
0.380312
0.565427
0.490656
0.371340
0.036035
-0.069196
-0.178556
-0.439367
-0.657044
-0.689928
-0.772829
-0.738638
-0.752029
-1.125458
-1.635448
-1.937462
-2.294781
-2.522082
-2.400092
-2.366257
-2.274783
-2.132372
-1.986369
-1.777491
-1.587012
-1.227705
-1.210712
-0.799890
-0.313970
-0.645354
-0.965149
-1.293177
-1.464998
-1.648790
-1.718922
-1.735742
-1.725187
-1.577088
-1.421715
-1.178242
-0.943450
-0.638614
-0.609590
0.034606
-0.089065
-0.241001
-0.330463
-0.654796
-0.515682
-0.769634
-0.830166
-1.098010
-1.219814
-0.974985
-0.937849
-0.785922
-0.728872
-0.548303
-0.518144
-0.094119
0.040879
-0.095927
-0.152470
-0.475128
-0.507199
-0.967338
-1.011730
-1.060829
-0.950129
-0.766258
-0.689974
-0.647430
-0.915176
-0.630780
-0.642980
-0.191140
0.205276
-0.000075
-0.111483
-0.372419
-0.277666
-0.655465
-0.697079
-0.707847
-0.444294
-0.409593
-0.627495
-0.676686
-0.773473
-0.363910
-0.487924
-0.247472
0.234968
0.124835
-0.067773
-0.012932
0.002841
-0.296189
-0.472965
-0.569462
-0.476501
-0.339453
-0.688663
-0.829046
-0.806819
-0.371524
-0.421931
-0.405733
0.387560
0.385382
0.315101
0.277307
0.265302
0.093274
0.002103
-0.253142
-0.265418
-0.299857
-0.480048
-0.733142
-0.785156
-0.516424
-0.714859
-0.463857
0.549329
0.640304
0.519935
0.415463
0.333519
0.322496
0.233294
-0.162459
-0.427260
-0.457014
-0.316773
-0.559842
-0.417356
-0.095169
-0.347222
-0.080529
0.779508
0.878297
0.706243
0.514993
0.310848
0.243272
0.086404
-0.472054
-0.697741
-0.372519
-0.069390
-0.266497
-0.084090
0.421920
0.362727
0.462379
0.781412
0.829309
0.632173
0.403993
0.219182
0.340883
0.188955
-0.244868
-0.452010
0.033479
0.187799
-0.074165
0.244134
0.592292
0.460740
0.446391
0.650598
0.626217
0.413678
0.225727
0.183378
0.312893
0.091099
-0.262293
-0.302823
0.184916
0.182925
-0.170280
-0.025037
0.061803
-0.265231
0.038591
0.527441
0.476038
0.281108
0.017032
-0.026753
0.049585
-0.107846
-0.393561
-0.379377
0.031001
0.085479
-0.275268
-0.480703
-0.466713
-0.647951
-0.162422
0.293893
0.282245
0.150991
-0.139444
-0.100332
0.028114
0.087964
-0.102771
-0.224471
0.022446
0.068854
-0.182550
-0.607843
-0.684522
-0.633743
-0.092874
0.072988
0.073443
-0.024991
-0.206235
-0.120668
0.025436
0.053073
-0.210001
-0.269655
-0.090318
-0.099664
-0.098016
-0.266022
-0.287017
-0.189023
0.139275
-0.184568
-0.286923
-0.378430
-0.551169
-0.411731
-0.159691
-0.281333
-0.633237
-0.644241
-0.553760
-0.499399
-0.265332
-0.262775
-0.159683
-0.044393
-0.006798
-0.570898
-0.755294
-0.804360
-0.886263
-0.750272
-0.666070
-0.776498
-0.852494
-0.749254
-0.573520
-0.428392
-0.263596
-0.266244
-0.404704
-0.419341
-0.409038
0.000000
0.000000
0.000000
0.000000
0.000000
0.000000
0.000000
0.000000
0.000001
0.000006
0.000005
0.000000
0.000000
0.000000
0.000001
0.000001
0.000000
0.000000
0.000000
0.000000
0.000000
0.000000
0.000000
0.000000
0.000000
0.000000
0.000000
0.000000
0.000000
0.000000
0.000000
0.000000
0.000000
0.000000
0.000000
0.000000
0.000000
0.000000
0.000000
0.000000
0.000000
0.000000
0.000000
0.000000
0.000000
0.000000
0.000000
0.000000
0.000000
0.000000
0.000000
0.000000
0.000000
0.000000
0.000000
0.000000
0.000000
0.000000
0.000000
0.000000
0.000000
0.000000
0.000000
0.000000
0.000000
0.000000
0.000000
0.000001
0.000006
0.000000
0.000000
0.000000
0.000000
0.000000
0.000000
0.000000
0.000000
0.000000
0.000000
0.000000
0.000000
0.000000
0.000001
0.000001
0.000007
0.000000
0.000000
0.000000
0.000000
0.000000
0.000000
0.000000
0.000000
0.000000
0.000000
0.000000
0.000001
0.000002
0.000003
0.000001
0.000002
0.000001
0.000001
0.000000
0.000000
0.000001
0.000000
0.000000
0.000000
0.000000
0.000000
0.000000
0.000001
0.000003
0.000004
0.000000
0.000000
0.000000
0.000000
0.000000
0.000000
0.000001
0.000001
0.000000
0.000000
0.000001
0.000000
0.000004
0.000001
0.000003
0.000001
0.000000
0.000000
0.000000
0.000000
0.000000
0.000000
0.000001
0.000001
0.000000
0.000002
0.000018
0.000001
0.000012
0.000001
0.000002
0.000000
0.000000
0.000000
0.000001
0.000001
0.000000
0.000000
0.000001
0.000000
0.000001
0.000017
0.000036
0.000001
0.000002
0.000003
0.000002
0.000000
0.000000
0.000000
0.000000
0.000001
0.000000
0.000000
0.000002
0.000000
0.000003
0.000007
0.000014
0.000000
0.000000
0.000007
0.000004
0.000001
0.000001
0.000000
0.000000
0.000002
0.000001
0.000001
0.000004
0.000002
0.000003
0.000004
0.000001
0.000000
0.000000
0.000010
0.000004
0.000001
0.000000
0.000000
0.000001
0.000005
0.000002
0.000003
0.000008
0.000003
0.000003
0.000000
0.000000
0.000000
0.000000
0.000014
0.000014
0.000004
0.000001
0.000000
0.000005
0.000004
0.000005
0.000005
0.000014
0.000005
0.000003
0.000000
0.000000
0.000000
0.000000
0.000014
0.000038
0.000012
0.000005
0.000006
0.000075
0.000026
0.000008
0.000002
0.000005
0.000001
0.000001
0.000000
0.000000
0.000000
0.000000
0.000017
0.000032
0.000012
0.000006
0.000026
0.000227
0.000069
0.000022
0.000007
0.000005
0.000002
0.000002
0.000000
0.000000
0.000000
0.000000
0.036008
0.028665
0.012078
0.012986
0.016769
0.013538
0.012312
0.015569
0.020994
0.026145
0.043912
0.074835
0.039979
0.014067
0.016619
0.149503
0.016085
0.038608
0.035997
0.075651
0.121968
0.203276
0.420756
0.608472
0.540510
0.288491
0.213483
0.187577
0.048263
0.011917
0.015432
0.078604
0.018027
0.081104
0.024967
0.016753
0.023567
0.304138
0.973855
0.996997
0.992146
0.884696
0.595982
0.393798
0.060913
0.005831
0.005199
0.034207
0.029265
0.061031
0.022387
0.010077
0.012065
0.806323
0.999254
0.999953
0.999819
0.992822
0.951687
0.898560
0.296113
0.011314
0.004161
0.014580
0.017834
0.016608
0.009100
0.004729
0.009481
0.766274
0.998852
0.999901
0.999764
0.998121
0.993778
0.989485
0.915201
0.135591
0.015691
0.010015
0.013161
0.010214
0.009268
0.008359
0.016343
0.510941
0.969426
0.993204
0.996904
0.998278
0.997975
0.997956
0.993240
0.793457
0.082863
0.018778
0.015767
0.013588
0.016331
0.023296
0.048966
0.300863
0.576405
0.826050
0.988150
0.999083
0.998903
0.997605
0.997704
0.981015
0.437784
0.040736
0.018010
0.014295
0.017961
0.045758
0.233747
0.715968
0.857651
0.955647
0.998552
0.999833
0.998950
0.986493
0.993229
0.985368
0.703962
0.096137
0.016912
0.010752
0.011540
0.058160
0.526895
0.953962
0.988870
0.996986
0.999826
0.999936
0.996595
0.836671
0.907493
0.917598
0.582215
0.132932
0.013000
0.005808
0.005971
0.058252
0.691291
0.976723
0.992569
0.997465
0.999626
0.999606
0.971137
0.332298
0.268391
0.350385
0.252874
0.142611
0.008513
0.002928
0.004395
0.169018
0.944965
0.994967
0.993675
0.991804
0.997126
0.996863
0.920925
0.239207
0.062632
0.136281
0.239148
0.214355
0.006523
0.002115
0.006512
0.624002
0.996828
0.999540
0.998601
0.992886
0.994920
0.996862
0.977147
0.700032
0.254355
0.235481
0.181513
0.261781
0.008568
0.003026
0.015231
0.819676
0.998455
0.999610
0.997813
0.981214
0.987018
0.996311
0.992676
0.925743
0.499382
0.158033
0.101423
0.259347
0.011422
0.004111
0.014248
0.566731
0.984132
0.989047
0.916391
0.712506
0.928981
0.991135
0.990187
0.924994
0.573768
0.233808
0.235975
0.257557
0.023254
0.008644
0.015501
0.344079
0.905564
0.902713
0.640209
0.494843
0.923591
0.983528
0.979102
0.903111
0.608822
0.266207
0.349823
0.267154
0.058670
0.033258
0.054658
0.404198
0.856859
0.862153
0.681840
0.727527
0.934758
0.969874
0.941276
0.824545
0.537325
0.282859
0.278494
0.222973
0.956813
0.970769
0.989529
0.986596
0.983322
0.983903
0.982729
0.980416
0.977539
0.974069
0.957132
0.932946
0.962047
0.984377
0.983196
0.866837
0.951209
0.894808
0.945962
0.897546
0.830724
0.682956
0.392840
0.211340
0.263800
0.515799
0.638548
0.697931
0.913583
0.965034
0.962314
0.866225
0.923860
0.864633
0.963364
0.984724
0.977187
0.681093
0.017233
0.001518
0.004481
0.078924
0.307714
0.485173
0.880960
0.984615
0.990465
0.937897
0.908107
0.911977
0.979013
0.991153
0.988387
0.215193
0.000556
0.000030
0.000133
0.005123
0.030118
0.065241
0.461698
0.954818
0.987340
0.966091
0.979495
0.984833
0.992508
0.994416
0.988297
0.200997
0.000976
0.000069
0.000167
0.001644
0.004537
0.005450
0.024095
0.590303
0.952424
0.975945
0.983598
0.986280
0.987644
0.989293
0.979652
0.490395
0.032441
0.005948
0.002321
0.001541
0.001730
0.001513
0.002539
0.075614
0.778091
0.967234
0.982273
0.982362
0.977830
0.972621
0.942834
0.674791
0.392055
0.186370
0.012097
0.000890
0.000985
0.001996
0.002170
0.015949
0.466786
0.945204
0.981680
0.984304
0.979421
0.944345
0.717766
0.252351
0.136733
0.052838
0.001593
0.000149
0.001050
0.011605
0.007435
0.012063
0.213869
0.893730
0.983233
0.989263
0.987687
0.930512
0.374872
0.035744
0.008510
0.001859
0.000114
0.000055
0.002845
0.117595
0.084052
0.080692
0.307086
0.880555
0.987630
0.994661
0.993859
0.930701
0.254215
0.022720
0.006739
0.001933
0.000271
0.000316
0.021425
0.582328
0.696575
0.626422
0.678019
0.885168
0.991810
0.997218
0.995145
0.786824
0.044802
0.006221
0.006970
0.007683
0.002801
0.002834
0.060524
0.711570
0.928939
0.868600
0.739139
0.846920
0.993895
0.997954
0.992405
0.307195
0.002419
0.000314
0.001034
0.005177
0.004496
0.002777
0.016862
0.300664
0.805277
0.783472
0.775738
0.798331
0.992239
0.997066
0.982458
0.143673
0.001152
0.000295
0.001427
0.010918
0.010215
0.003028
0.005368
0.060221
0.489059
0.775901
0.839945
0.755323
0.990424
0.995846
0.983883
0.380473
0.016683
0.010596
0.054073
0.197376
0.063750
0.008250
0.008012
0.060134
0.319936
0.582105
0.665551
0.663988
0.979450
0.990507
0.983335
0.627703
0.096653
0.090993
0.331413
0.520863
0.094074
0.018347
0.023295
0.111177
0.304621
0.543867
0.507178
0.628979
0.948636
0.966994
0.951499
0.624997
0.173961
0.172929
0.359910
0.319373
0.074024
0.039695
0.066558
0.185341
0.425599
0.677665
0.706137
0.793284
0.974868
0.756560
0.797484
0.830273
0.753780
0.831593
0.814635
0.736004
0.679900
0.633652
0.550491
0.589964
0.887532
0.868703
0.889856
-0.013807
1.015451
0.824875
0.490834
0.480817
0.410488
0.636725
0.766118
0.702042
0.569785
0.531038
0.534677
0.602288
0.924209
0.883491
0.934955
-0.022482
1.017780
0.835015
0.142273
0.254912
0.548967
0.896235
0.938756
0.819201
0.620627
0.584203
0.663584
0.726735
0.976193
0.952552
0.939219
-0.023893
0.986845
0.666327
0.144189
0.250402
0.499362
0.889735
0.963081
0.831062
0.600003
0.580911
0.716307
0.737932
0.965997
0.976848
0.864861
-0.023930
0.814828
0.645958
0.275881
0.390889
0.559806
0.837529
0.923841
0.874085
0.646945
0.584792
0.724547
0.810748
0.943612
0.970339
0.775839
-0.021967
0.638575
0.697022
0.459959
0.494069
0.553918
0.650242
0.826341
0.802913
0.713752
0.641057
0.670134
0.764904
0.844572
0.847015
0.654321
-0.001638
0.616684
0.709816
0.514824
0.466213
0.562991
0.504432
0.589667
0.790527
0.879213
0.753313
0.515475
0.635056
0.707684
0.533890
0.602741
0.107358
0.667965
0.693561
0.546772
0.499527
0.660063
0.607324
0.612825
0.845960
0.911106
0.708915
0.365254
0.483869
0.655855
0.402178
0.482744
0.227975
0.717048
0.634476
0.551462
0.568227
0.711941
0.711873
0.731880
0.854322
0.900435
0.574172
0.215454
0.375216
0.721637
0.451313
0.528942
0.185121
0.743134
0.586678
0.524931
0.639131
0.697433
0.691820
0.674797
0.750720
0.845108
0.439085
0.164267
0.341143
0.704937
0.454564
0.628725
0.127703
0.740646
0.548293
0.525121
0.756512
0.819603
0.694038
0.614241
0.696415
0.801024
0.396536
0.179807
0.326512
0.639245
0.512063
0.817850
0.071018
0.740837
0.541922
0.544611
0.823431
0.903337
0.726725
0.510169
0.513947
0.751083
0.484447
0.251557
0.363393
0.728058
0.846789
0.888058
0.011544
0.703980
0.533370
0.517845
0.821029
0.857137
0.590846
0.338863
0.395313
0.723020
0.610112
0.372724
0.461904
0.864465
0.940943
0.919964
-0.014135
0.686782
0.553896
0.505751
0.756842
0.768789
0.479720
0.382163
0.505059
0.781571
0.728145
0.518564
0.502476
0.877449
0.939161
0.935872
-0.017174
0.631501
0.541932
0.462151
0.716147
0.652789
0.419173
0.445385
0.606656
0.826174
0.732089
0.563913
0.571148
0.818335
0.912405
0.909467
-0.009838
0.527914
0.496503
0.448539
0.578913
0.517453
0.343173
0.395278
0.516854
0.626214
0.541587
0.457025
0.512441
0.652665
0.750017
0.816953
0.049373
0.951698
0.964927
1.005070
1.010731
1.010407
1.003578
1.001401
1.000808
0.998478
0.989385
0.974241
0.959598
0.967019
0.978723
0.975616
0.972818
0.618315
0.511415
0.490133
0.092345
0.056500
0.048767
0.058414
0.080230
0.089534
0.107024
0.169201
0.290861
0.356228
0.405368
0.334918
0.601790
0.164059
0.030506
0.082959
0.008807
0.033975
0.112467
0.277542
0.393696
0.392605
0.438978
0.447690
0.468268
0.316766
0.425350
0.402079
0.625897
0.029391
-0.013063
0.005036
0.056407
0.188592
0.349670
0.424473
0.353408
0.308882
0.277921
0.291130
0.346540
0.203380
0.277300
0.252409
0.375928
0.142751
0.091557
0.205173
0.372466
0.444660
0.500486
0.460675
0.369542
0.280935
0.248593
0.223930
0.211104
0.098902
0.074646
0.037102
0.092072
0.433630
0.474389
0.523799
0.598918
0.568524
0.512772
0.499338
0.434893
0.422665
0.494487
0.436484
0.251292
0.087665
0.007505
-0.012076
0.012541
0.519980
0.594219
0.597682
0.631287
0.641646
0.667346
0.627284
0.604398
0.652846
0.618713
0.532217
0.360583
0.228966
0.120159
0.039499
0.093129
0.527466
0.608406
0.649333
0.672915
0.682024
0.708376
0.695277
0.671117
0.728616
0.647079
0.525753
0.418403
0.412462
0.345948
0.288134
0.365911
0.535688
0.597605
0.621432
0.655881
0.670657
0.674939
0.674604
0.644995
0.584159
0.496318
0.422581
0.379818
0.427452
0.396421
0.430521
0.448917
0.482438
0.553812
0.602410
0.656219
0.689499
0.637295
0.566998
0.519230
0.475815
0.388187
0.358785
0.366222
0.496456
0.472141
0.543966
0.491145
0.530136
0.652429
0.723185
0.757208
0.749691
0.753907
0.683501
0.564564
0.513241
0.477041
0.450505
0.376979
0.445235
0.561035
0.676115
0.660951
0.493315
0.575967
0.598277
0.643813
0.723718
0.763557
0.708078
0.607489
0.553055
0.587498
0.648046
0.619363
0.645294
0.786525
0.872732
0.857208
0.506903
0.597627
0.590300
0.557221
0.578700
0.495741
0.434836
0.505836
0.559055
0.608916
0.669182
0.747369
0.864871
0.931257
0.942067
0.926399
0.500835
0.587513
0.584855
0.539648
0.541723
0.443357
0.399758
0.485866
0.555724
0.552963
0.564119
0.579785
0.523540
0.399629
0.351534
0.551144
0.474921
0.532923
0.575917
0.592776
0.645963
0.652566
0.597465
0.630545
0.674592
0.641831
0.571199
0.504661
0.330785
0.133805
0.112835
0.183990
0.483993
0.461283
0.407592
0.340671
0.330472
0.323002
0.342706
0.318130
0.265114
0.217826
0.197679
0.179719
0.110947
0.027240
0.022498
0.073601
-0.961730
-0.012832
-0.139901
0.288530
0.525591
0.471174
0.274961
0.133305
0.019125
-0.040666
-0.081711
-0.083168
-0.044078
-0.199826
-0.428352
-0.984686
-1.637303
-0.427796
-0.770461
-0.147196
-0.108082
-0.124370
-0.171571
-0.350503
-0.524186
-0.590071
-0.587709
-0.700541
-0.637471
-0.842685
-0.897062
-1.701471
-1.897671
-0.662785
-1.079004
-0.467660
-0.628841
-0.444467
-0.281269
-0.474224
-0.939417
-1.195882
-1.004057
-0.968981
-0.884922
-1.234656
-1.052673
-1.736100
-1.399853
-0.311895
-0.598004
-0.240705
-0.167149
0.364389
0.442061
-0.118343
-0.814373
-1.160720
-1.036414
-0.933816
-0.738400
-1.294472
-1.200374
-1.974625
-0.957945
-0.222360
-0.088815
-0.133645
-0.301956
0.359920
0.626385
0.105070
-0.656931
-0.973222
-0.957290
-1.015694
-0.997697
-1.527318
-1.231041
-1.979524
-0.870600
-0.302393
0.082465
-0.093028
-0.320737
0.071303
0.396907
0.351533
-0.028069
-0.341750
-0.499854
-0.804180
-1.109002
-1.544914
-1.252175
-1.746262
-0.932320
-0.622083
-0.225687
-0.065806
-0.044878
0.170077
0.501796
0.540461
0.353502
0.064662
-0.259935
-0.619052
-0.850590
-1.164465
-0.790647
-1.446393
-0.942946
-0.754797
-0.363863
-0.103895
0.200063
0.340685
0.462905
0.566632
0.469334
-0.057014
-0.547523
-0.619947
-0.578809
-0.769327
-0.568989
-1.454373
-1.011321
-0.820834
-0.476105
-0.171485
0.292490
0.416093
0.396990
0.461250
0.290087
-0.358477
-0.830257
-0.575958
-0.236327
-0.326848
-0.414633
-1.357002
-1.020651
-0.809340
-0.466102
-0.131857
0.259795
0.213324
0.348712
0.511982
0.249807
-0.434350
-0.688917
-0.595006
-0.099193
-0.114615
-0.430101
-1.194385
-0.979042
-0.765881
-0.430026
0.032732
0.217319
0.176364
0.180611
0.347793
0.137782
-0.265253
-0.463027
-0.565034
-0.294101
-0.136144
-0.494453
-1.283726
-0.967547
-0.743096
-0.424781
0.181832
0.304696
0.204592
0.000696
0.062786
0.044221
-0.197037
-0.445069
-0.513923
-0.534663
-0.227333
-0.697627
-1.484161
-0.949436
-0.723201
-0.349412
0.218589
0.407005
0.281876
0.006305
0.090899
0.257535
0.049341
-0.219540
-0.396052
-0.407291
-0.509741
-1.072930
-1.569431
-0.885656
-0.718701
-0.380443
0.164096
0.347500
0.358906
0.356510
0.487945
0.547738
0.325415
-0.039039
-0.536225
-0.561398
-0.967334
-1.169078
-1.712835
-0.790470
-0.652131
-0.317450
0.114590
0.430001
0.539560
0.630475
0.855704
0.697310
0.357465
-0.069839
-0.525307
-0.815318
-1.219325
-1.268790
-1.633590
-0.426525
-0.414865
-0.160801
0.095400
0.376140
0.510064
0.575682
0.586404
0.418569
0.151123
-0.153944
-0.510671
-0.685699
-0.656435
-0.714533
-1.138966
0.148903
-0.652644
-1.059971
-1.541072
-1.937441
-2.224820
-2.389462
-2.420300
-2.391391
-2.298714
-2.079554
-1.489736
-1.147247
-0.659693
-1.160726
-0.923260
0.753612
-0.346240
-0.681548
-1.072855
-1.142121
-1.173603
-1.427961
-1.628604
-1.622927
-1.515856
-1.347154
-0.921095
-0.803677
-0.389046
-0.643868
-0.291999
0.924160
-0.173085
-0.188539
-0.216439
-0.383259
-0.370655
-0.340671
-0.677868
-0.688210
-0.685886
-0.581054
-0.394216
-0.438878
-0.195595
-0.472668
-0.123648
0.725278
0.236194
0.213926
-0.109051
-0.187564
-0.156818
-0.158090
-0.496135
-0.296259
-0.208749
-0.206678
-0.132121
-0.254426
-0.280717
-0.492884
-0.000203
0.676150
0.453826
0.252923
-0.210068
-0.316181
0.107364
0.046420
-0.081441
0.122056
0.231185
0.123167
0.132807
-0.022222
-0.132198
-0.202830
0.318606
0.381011
0.086297
-0.151723
-0.267338
-0.279305
0.048627
0.077824
0.052422
-0.043208
0.077205
0.016620
0.041439
0.083623
0.405163
0.254050
0.441077
0.269473
0.050390
0.028779
-0.056081
-0.099136
-0.026566
0.078342
0.135913
0.014947
-0.118309
-0.090952
0.092337
0.043587
0.368152
0.269135
0.368773
0.383975
0.291302
0.184020
0.092831
0.033889
0.098760
0.081568
-0.105760
-0.209709
-0.332500
-0.147442
0.122277
0.189064
0.301253
0.170568
0.229336
0.534770
0.446622
0.322223
0.177740
0.166797
0.287305
0.070266
-0.033031
-0.135594
-0.211179
0.060527
0.148273
0.258764
0.384157
0.312808
0.448070
0.535786
0.432382
0.291341
0.104751
0.152046
0.246813
0.220731
0.216243
0.094730
0.171972
0.285860
0.194448
0.150395
0.453854
0.509356
0.620712
0.380236
0.273313
0.087388
0.102101
0.201723
0.127468
0.125883
0.103533
0.071298
0.072608
0.100668
-0.080760
-0.329780
-0.097205
0.217852
0.564620
0.228827
0.101099
-0.017832
0.127825
0.092026
-0.003367
-0.197893
-0.123470
-0.062382
-0.079531
-0.220069
-0.307615
-0.391866
-0.073260
0.064593
0.265787
0.041532
-0.077317
-0.051596
0.115893
0.104972
0.024019
0.089507
0.036302
-0.029603
-0.006742
-0.167036
-0.155948
0.036843
0.132576
-0.370169
-0.085247
-0.131137
-0.298149
-0.281924
-0.047512
0.030887
-0.058006
-0.010661
-0.237877
-0.125780
-0.131098
-0.198690
-0.043774
0.166613
0.141794
-0.289240
0.016615
-0.429453
-0.743303
-0.887953
-0.677351
-0.471620
-0.548896
-0.667636
-0.925451
-0.814128
-0.652058
-0.517606
-0.183603
0.142298
0.371078
0.090398
0.280389
-0.498924
-0.747132
-0.836902
-0.769479
-0.699771
-0.850861
-0.857486
-0.781265
-0.557418
-0.254934
-0.035113
0.235695
0.277852
0.252540
0.123372
0.116851
0.000000
0.000000
0.000000
0.000000
0.000000
0.000000
0.000000
0.000000
0.000000
0.000000
0.000000
0.000000
0.000000
0.000000
0.000000
0.000000
0.000000
0.000000
0.000000
0.000000
0.000000
0.000000
0.000000
0.000000
0.000000
0.000000
0.000000
0.000000
0.000000
0.000000
0.000000
0.000000
0.000000
0.000000
0.000000
0.000000
0.000000
0.000000
0.000000
0.000000
0.000000
0.000000
0.000000
0.000000
0.000000
0.000000
0.000000
0.000000
0.000000
0.000000
0.000000
0.000000
0.000000
0.000000
0.000000
0.000000
0.000000
0.000000
0.000000
0.000000
0.000000
0.000000
0.000000
0.000000
0.000000
0.000000
0.000000
0.000000
0.000001
0.000000
0.000000
0.000000
0.000000
0.000000
0.000000
0.000000
0.000000
0.000000
0.000000
0.000000
0.000000
0.000000
0.000000
0.000000
0.000001
0.000000
0.000000
0.000000
0.000000
0.000000
0.000000
0.000000
0.000000
0.000000
0.000000
0.000000
0.000000
0.000001
0.000001
0.000000
0.000001
0.000000
0.000000
0.000000
0.000000
0.000002
0.000000
0.000000
0.000000
0.000000
0.000000
0.000000
0.000001
0.000001
0.000002
0.000000
0.000001
0.000001
0.000001
0.000000
0.000000
0.000001
0.000001
0.000000
0.000000
0.000001
0.000000
0.000000
0.000002
0.000003
0.000001
0.000000
0.000000
0.000001
0.000000
0.000000
0.000000
0.000001
0.000001
0.000000
0.000000
0.000014
0.000002
0.000008
0.000002
0.000002
0.000000
0.000000
0.000000
0.000002
0.000003
0.000000
0.000000
0.000002
0.000000
0.000001
0.000007
0.000057
0.000003
0.000002
0.000002
0.000001
0.000000
0.000000
0.000000
0.000001
0.000003
0.000000
0.000000
0.000004
0.000001
0.000001
0.000005
0.000014
0.000000
0.000000
0.000003
0.000002
0.000000
0.000000
0.000000
0.000001
0.000003
0.000000
0.000000
0.000003
0.000002
0.000001
0.000001
0.000000
0.000000
0.000000
0.000002
0.000002
0.000000
0.000000
0.000000
0.000002
0.000004
0.000001
0.000001
0.000008
0.000005
0.000002
0.000000
0.000000
0.000000
0.000000
0.000002
0.000005
0.000002
0.000001
0.000000
0.000006
0.000006
0.000005
0.000004
0.000020
0.000009
0.000005
0.000000
0.000000
0.000001
0.000000
0.000001
0.000007
0.000004
0.000003
0.000005
0.000041
0.000021
0.000008
0.000001
0.000004
0.000001
0.000001
0.000000
0.000000
0.000000
0.000000
0.000001
0.000001
0.000001
0.000001
0.000002
0.000017
0.000007
0.000002
0.000001
0.000001
0.000000
0.000001
0.000000
0.000000
0.000000
0.000000
0.117061
0.178201
0.143412
0.151792
0.262144
0.271973
0.233574
0.239261
0.241404
0.215578
0.233714
0.327096
0.248890
0.134553
0.086868
0.257279
0.248639
0.650344
0.636550
0.644968
0.761571
0.921881
0.971147
0.980806
0.967290
0.903092
0.852983
0.865829
0.737036
0.497806
0.252939
0.317573
0.275452
0.622982
0.289728
0.140076
0.194597
0.867628
0.997830
0.999714
0.999515
0.995598
0.979880
0.962101
0.870910
0.399978
0.137597
0.208896
0.125420
0.185018
0.058809
0.021247
0.043133
0.951669
0.999750
0.999985
0.999976
0.999650
0.998255
0.996585
0.986570
0.717936
0.201895
0.188100
0.021664
0.015802
0.008112
0.007999
0.028279
0.936629
0.999559
0.999973
0.999971
0.999891
0.999768
0.999661
0.999347
0.970875
0.465929
0.178329
0.012044
0.010447
0.007491
0.011517
0.039887
0.727341
0.986358
0.998005
0.999380
0.999673
0.999799
0.999860
0.999811
0.994064
0.724134
0.194145
0.015398
0.015793
0.017873
0.038313
0.096530
0.443632
0.781504
0.959582
0.996869
0.999533
0.999749
0.999786
0.999657
0.995981
0.877461
0.197485
0.017306
0.018248
0.023163
0.092533
0.385788
0.765061
0.901178
0.984580
0.999230
0.999863
0.999681
0.999137
0.998517
0.992496
0.916267
0.251279
0.015963
0.013616
0.017493
0.124425
0.700647
0.960579
0.990594
0.999088
0.999928
0.999955
0.999379
0.990848
0.977765
0.943955
0.790451
0.224478
0.011413
0.007026
0.010874
0.146626
0.830879
0.981006
0.994092
0.999223
0.999880
0.999846
0.996547
0.874470
0.579466
0.542638
0.439095
0.160150
0.007644
0.004000
0.010717
0.400657
0.966066
0.993782
0.994965
0.998001
0.999227
0.998826
0.985824
0.659100
0.150908
0.206528
0.337525
0.204140
0.006059
0.003045
0.020248
0.845068
0.997343
0.999409
0.998877
0.998161
0.998479
0.998053
0.988751
0.850144
0.441366
0.454074
0.462340
0.334615
0.007857
0.004745
0.043615
0.941647
0.998879
0.999591
0.998874
0.995443
0.995762
0.997283
0.995095
0.975535
0.902149
0.782511
0.632076
0.509085
0.009997
0.006801
0.037435
0.835203
0.990447
0.993017
0.974629
0.939776
0.981197
0.995299
0.996063
0.990004
0.977289
0.934078
0.863914
0.605302
0.020323
0.015730
0.040793
0.597394
0.937646
0.931180
0.842639
0.813951
0.968659
0.993046
0.994991
0.989518
0.975599
0.927566
0.880494
0.678612
0.040124
0.030974
0.051840
0.375289
0.789825
0.770235
0.670532
0.764150
0.940714
0.971250
0.965672
0.924666
0.808013
0.568639
0.467197
0.324008
0.827762
0.834064
0.866621
0.834229
0.713105
0.655636
0.651439
0.647782
0.672267
0.695098
0.641179
0.555725
0.728100
0.824081
0.932314
0.733938
0.843120
0.692457
0.702475
0.661847
0.438542
0.182121
0.073399
0.045034
0.070304
0.178729
0.243614
0.217554
0.528319
0.777342
0.920743
0.812886
0.846918
0.741487
0.792890
0.898964
0.842869
0.230200
0.005287
0.000749
0.001180
0.012191
0.047694
0.083800
0.358679
0.858943
0.971843
0.872428
0.907741
0.875886
0.941021
0.974929
0.943217
0.053037
0.000540
0.000039
0.000047
0.000551
0.002979
0.007470
0.056256
0.714460
0.970023
0.903064
0.980693
0.980721
0.988081
0.991397
0.966255
0.055854
0.000749
0.000073
0.000059
0.000179
0.000470
0.000901
0.003424
0.190183
0.878093
0.890014
0.983375
0.986011
0.989603
0.986492
0.958557
0.279043
0.017732
0.003148
0.000927
0.000444
0.000263
0.000285
0.000654
0.023295
0.495312
0.851490
0.973948
0.976308
0.976890
0.959434
0.905098
0.595540
0.270021
0.061020
0.004955
0.000761
0.000351
0.000364
0.000563
0.006543
0.176080
0.798643
0.974077
0.976940
0.972662
0.902615
0.632798
0.282899
0.141130
0.025630
0.001437
0.000238
0.000434
0.001516
0.002611
0.010551
0.106242
0.701358
0.977677
0.983723
0.979670
0.866621
0.284137
0.046350
0.011089
0.001607
0.000147
0.000077
0.000897
0.013520
0.035647
0.066825
0.229374
0.734836
0.983638
0.991727
0.988098
0.854015
0.170138
0.025930
0.007137
0.001198
0.000240
0.000302
0.005790
0.145592
0.465610
0.545767
0.589154
0.816444
0.988754
0.995300
0.989128
0.620904
0.049629
0.010482
0.007319
0.004018
0.001562
0.002224
0.021592
0.371685
0.854135
0.820706
0.690968
0.720190
0.991052
0.996252
0.977991
0.156924
0.003957
0.001055
0.001447
0.002984
0.002743
0.003113
0.015065
0.162479
0.561165
0.518000
0.559607
0.579548
0.988367
0.994545
0.946296
0.061729
0.001600
0.000645
0.001543
0.005231
0.005921
0.003893
0.005609
0.026886
0.123007
0.256490
0.551047
0.521604
0.984944
0.992816
0.956287
0.180672
0.013646
0.012525
0.032807
0.073792
0.028819
0.008186
0.005769
0.015196
0.051018
0.131867
0.337751
0.452298
0.971623
0.985558
0.959026
0.419806
0.080908
0.098092
0.204213
0.221998
0.040100
0.012741
0.009502
0.021119
0.063568
0.165572
0.336074
0.478700
0.944027
0.959180
0.928414
0.556815
0.200822
0.211137
0.290752
0.230396
0.071869
0.033803
0.036832
0.079017
0.194429
0.381103
0.554495
0.634011
0.903089
0.600381
0.650134
0.618879
0.589023
0.726852
0.763133
0.732024
0.716875
0.658732
0.555247
0.543575
0.812426
0.819276
0.616214
-0.002209
0.994637
0.664239
0.412084
0.295410
0.397834
0.687053
0.778423
0.638126
0.425857
0.340173
0.323534
0.405497
0.839394
0.830427
0.503630
-0.022779
1.003444
0.724644
0.136401
0.136001
0.544807
0.888671
0.932251
0.756779
0.428822
0.358175
0.392671
0.510715
0.940144
0.909952
0.400219
-0.024207
0.935540
0.622561
0.090434
0.121708
0.639184
0.964957
0.974312
0.758229
0.314458
0.220946
0.348315
0.438688
0.912033
0.897286
0.208642
-0.024512
0.723300
0.653290
0.251939
0.343689
0.753171
0.953663
0.961739
0.740330
0.318323
0.279341
0.448063
0.556878
0.894620
0.862878
0.157136
-0.023953
0.490912
0.707812
0.536889
0.551591
0.740525
0.850082
0.883264
0.747443
0.575379
0.481571
0.499632
0.569069
0.676904
0.608416
0.119049
-0.014987
0.429417
0.679364
0.588476
0.589973
0.705563
0.700047
0.781080
0.856791
0.890063
0.671531
0.365813
0.381709
0.427962
0.201538
0.073741
0.050574
0.433661
0.653129
0.600362
0.618175
0.738905
0.757443
0.802811
0.911979
0.904861
0.572250
0.169769
0.201596
0.345192
0.145671
0.086585
0.211289
0.434611
0.587337
0.580477
0.647010
0.806095
0.845253
0.842529
0.899224
0.822235
0.321192
0.044198
0.110926
0.384247
0.216172
0.205020
0.313307
0.432803
0.550053
0.575129
0.714229
0.841770
0.863218
0.815022
0.830557
0.675586
0.145725
0.022118
0.118313
0.437584
0.399476
0.400341
0.387584
0.429344
0.521682
0.611593
0.826304
0.902780
0.805501
0.625981
0.650038
0.639792
0.174649
0.064465
0.184511
0.513092
0.529052
0.600306
0.353523
0.438061
0.523779
0.682255
0.899729
0.928076
0.745849
0.374989
0.379762
0.587120
0.306116
0.148708
0.250753
0.547219
0.695535
0.659804
0.107314
0.412257
0.517557
0.681298
0.909922
0.911584
0.525751
0.164442
0.244929
0.540578
0.402075
0.186081
0.240308
0.626366
0.857767
0.675103
-0.005830
0.396093
0.539693
0.668111
0.880070
0.840180
0.419028
0.201563
0.385828
0.655320
0.547899
0.275380
0.269109
0.683425
0.872916
0.578899
-0.018928
0.358001
0.502266
0.597747
0.755655
0.726877
0.435021
0.361222
0.539101
0.729786
0.599468
0.332729
0.286133
0.640448
0.873991
0.558305
-0.016286
0.422875
0.520961
0.561821
0.654481
0.628027
0.445795
0.419570
0.588646
0.667193
0.523596
0.332595
0.322556
0.544539
0.728185
0.610634
0.029655
0.939799
0.955515
0.980147
0.995545
0.993400
0.990692
0.988010
0.981320
0.970398
0.954976
0.931070
0.914311
0.937279
0.965480
0.975929
0.892378
0.561209
0.301173
0.134624
0.034847
0.010521
0.015219
0.017596
0.018752
0.025648
0.047608
0.099768
0.185916
0.257716
0.258659
0.161701
0.322404
0.174394
0.013958
0.006783
0.006756
0.020962
0.128511
0.290523
0.281872
0.236564
0.299467
0.356496
0.337925
0.280961
0.251605
0.255838
0.261839
0.020092
-0.017202
-0.008291
0.050929
0.164873
0.425975
0.463457
0.284784
0.173250
0.152665
0.174937
0.200357
0.135333
0.070217
0.065497
0.096114
0.221487
0.116618
0.131077
0.321667
0.452222
0.587101
0.477219
0.253833
0.139025
0.112925
0.102021
0.094825
0.046791
-0.005522
-0.001144
0.013239
0.596409
0.467820
0.400108
0.513200
0.521582
0.560665
0.436777
0.335130
0.295434
0.335869
0.299660
0.149911
0.026166
-0.019262
-0.020941
-0.007214
0.659476
0.559942
0.534464
0.557296
0.553489
0.649083
0.594864
0.616215
0.688137
0.589013
0.451303
0.283378
0.132528
0.017011
0.011110
0.066839
0.662461
0.593104
0.586862
0.608892
0.627456
0.684869
0.698035
0.767766
0.811019
0.650085
0.453849
0.388528
0.327043
0.211753
0.232663
0.349415
0.667777
0.577928
0.568518
0.602425
0.677900
0.716670
0.688856
0.753902
0.753458
0.536427
0.348806
0.395450
0.418981
0.317137
0.431443
0.477554
0.629494
0.531828
0.520835
0.590763
0.699096
0.703152
0.620388
0.645742
0.630510
0.375834
0.282445
0.425184
0.478918
0.418667
0.566785
0.535928
0.648663
0.595900
0.592128
0.704102
0.799549
0.735327
0.643557
0.603653
0.554313
0.412085
0.354779
0.426741
0.478657
0.610291
0.823765
0.688243
0.622467
0.566534
0.536293
0.733231
0.815976
0.724270
0.648491
0.618849
0.643072
0.590202
0.539049
0.579053
0.699620
0.847589
0.914331
0.764264
0.640352
0.597992
0.555231
0.676613
0.655287
0.473225
0.428790
0.482569
0.630526
0.644986
0.650363
0.709685
0.885889
0.949336
0.902877
0.749028
0.657522
0.616306
0.594888
0.627973
0.566624
0.368462
0.302632
0.429984
0.625876
0.638059
0.595262
0.580077
0.599137
0.495297
0.322599
0.271466
0.666174
0.598270
0.601807
0.651499
0.624109
0.481278
0.444988
0.600396
0.741930
0.679531
0.531382
0.433310
0.327901
0.116236
0.053253
0.049971
0.726220
0.681422
0.662887
0.601456
0.544135
0.443967
0.484289
0.513381
0.438271
0.317174
0.263308
0.229701
0.142474
0.031509
0.021027
0.038781
-0.390363
-0.250274
0.039140
0.293446
0.743835
1.008092
0.947533
0.812683
0.661111
0.440611
0.416698
0.332243
0.340169
-0.490389
-0.900764
-0.038397
-0.329717
-0.626643
-0.317728
-0.054415
0.318707
0.778628
1.041777
0.993418
0.827932
0.536003
0.376438
0.228649
0.178167
-0.557678
-1.271964
-0.742702
-0.054141
-1.139192
-0.407714
0.261054
0.486886
0.976019
1.429051
1.432532
1.162586
0.698164
0.410585
0.252966
0.354216
-0.590455
-1.498301
-0.650928
0.230551
-0.552707
-0.008088
0.363157
0.624702
1.071412
1.423208
1.507869
1.210887
0.866178
0.665515
0.398152
0.831648
-0.217398
-1.412185
-0.830278
0.103873
-0.075506
-0.060525
0.177303
0.195407
0.746018
1.128863
1.537903
1.521134
1.166678
1.181238
1.032690
1.190178
0.375388
-0.999543
-0.685969
-0.270455
-0.423899
-0.515749
-0.395264
-0.304515
0.314275
0.708328
0.984403
1.317765
1.296381
1.482529
1.492866
1.613958
0.720656
-0.255122
-0.220297
-0.491201
-0.675771
-0.676455
-0.528613
-0.521577
-0.291719
0.319656
0.930169
1.272073
1.186275
1.322720
1.449615
1.541478
0.888347
0.595527
0.153699
-0.586082
-0.794876
-0.656710
-0.534450
-0.422924
-0.090077
0.512321
1.223443
1.261922
1.061508
1.039408
1.227874
0.952794
0.282632
0.251655
-0.039356
-0.769692
-0.939490
-0.686569
-0.561408
-0.153997
0.344410
0.764265
1.347183
1.455957
0.964229
0.898341
0.721319
0.204447
-0.388586
-0.389212
-0.361372
-0.844900
-0.981824
-0.718377
-0.432371
0.104725
0.586439
0.906090
1.217295
1.164352
0.786288
0.714109
0.365941
-0.402414
-0.929402
-0.814081
-0.365969
-0.871091
-1.006380
-0.695226
-0.150858
0.517771
0.751639
0.983885
1.234202
1.089666
0.735422
0.665662
0.430286
-0.438442
-0.842420
-0.346995
0.217698
-0.911982
-1.042183
-0.526630
0.240342
0.696059
0.786785
0.809166
1.163294
1.049658
0.750280
0.623447
0.645569
0.388157
-0.092093
-0.012702
0.392302
-0.887857
-1.029481
-0.429459
0.354341
0.602924
0.823352
0.730615
0.844482
0.819512
0.624858
0.539375
0.607185
0.635428
-0.255892
-0.684790
-0.159943
-0.789276
-0.980353
-0.562545
0.036626
0.345856
0.505037
0.398763
0.471673
0.557890
0.511964
0.536243
0.534963
0.474535
-0.529176
-1.238293
-0.676605
-0.569162
-0.669513
-0.407035
-0.060882
0.146137
0.193217
0.216595
0.438284
0.452269
0.580762
0.554630
0.351614
0.330190
-0.077610
-0.963284
-0.446939
-0.310645
-0.189656
0.000311
0.296719
0.339194
0.283119
0.425142
0.672971
0.748244
0.635173
0.533600
0.321179
0.374738
0.396448
-0.132949
-0.270294
0.067269
-0.304208
-1.414497
-1.790552
-2.099408
-2.340423
-2.295031
-2.286060
-2.219891
-2.001402
-1.665581
-1.389826
-1.348778
-1.360498
-1.007987
-0.413809
0.298596
0.040913
-0.752246
-0.668657
-0.778454
-0.875309
-1.082347
-1.280180
-1.320768
-1.193699
-0.976735
-0.828646
-1.169043
-1.243610
-0.782135
0.246657
0.861467
0.794778
0.464880
0.868981
0.758765
0.679091
0.385109
0.408906
0.530149
0.260605
0.253509
0.015595
-0.372212
-0.846734
-0.347267
0.374081
1.488466
1.364016
0.830066
0.874212
0.392615
0.414153
0.140916
0.146713
0.516526
0.275556
0.108490
-0.101011
-0.370623
-0.898845
-0.365174
0.355880
1.600316
1.754501
1.140896
0.540634
0.054587
0.582416
0.618420
0.949749
1.108621
0.876536
0.727698
0.430259
0.250162
-0.498591
0.117122
0.628589
0.844316
0.729018
0.167459
-0.073602
-0.214076
0.324569
0.724906
0.954613
1.049613
0.909072
0.989872
0.926237
1.014385
0.451924
0.923945
1.091309
0.491675
0.162907
-0.023077
-0.011861
-0.153027
-0.053556
0.181547
0.306338
0.255632
0.293706
0.597619
1.052776
1.516007
1.302718
1.902325
1.347047
0.506889
0.225737
0.067904
0.063779
0.047215
0.084253
-0.014426
-0.023927
-0.013051
0.333914
0.530314
0.802255
1.434563
1.378836
1.672520
0.828952
0.592796
0.343550
0.216107
0.205583
0.162811
0.501807
0.543580
0.551492
0.492560
0.769016
0.612218
0.687731
1.188409
1.103135
1.433560
0.723226
0.579608
0.342870
0.291300
0.156654
0.054371
0.363013
0.449388
0.639465
0.722881
0.871027
0.644702
0.605859
0.522559
0.536015
1.152224
0.772998
0.465651
0.191290
0.197800
0.120026
0.195067
0.190360
0.393535
0.619650
0.673044
0.754678
0.620227
0.235728
-0.149352
-0.081163
0.816891
1.017179
0.227239
-0.053088
-0.000957
0.124996
0.524010
0.632947
0.755347
0.833332
0.807420
0.833800
0.699828
0.381233
-0.065705
0.032992
0.486070
1.003678
0.125702
-0.181777
0.006284
0.256181
0.541620
0.806687
0.675016
0.709593
0.814059
0.826405
0.743682
0.570972
0.114778
-0.215263
-0.094353
0.553599
0.006382
-0.407049
-0.389490
-0.123097
0.546880
0.744024
0.559379
0.416561
0.333514
0.208390
0.279863
0.372454
0.214664
-0.257685
0.093288
0.865039
-0.025237
-0.639328
-0.775355
-0.467144
0.062880
0.062051
-0.169344
-0.264227
-0.023269
0.059348
0.329678
0.431392
0.373198
0.326750
0.586841
1.087735
-0.091289
-0.406136
-0.499104
-0.279083
-0.066327
-0.186092
-0.174830
-0.034909
0.288882
0.475853
0.776038
0.771115
0.856179
0.879890
1.052222
1.091196
0.000000
0.000000
0.000000
0.000000
0.000000
0.000000
0.000000
0.000000
0.000000
0.000000
0.000000
0.000000
0.000000
0.000000
0.000000
0.000000
0.000000
0.000000
0.000000
0.000000
0.000000
0.000000
0.000000
0.000000
0.000000
0.000000
0.000000
0.000000
0.000000
0.000000
0.000000
0.000000
0.000000
0.000000
0.000000
0.000000
0.000000
0.000000
0.000000
0.000000
0.000000
0.000000
0.000000
0.000000
0.000000
0.000000
0.000000
0.000000
0.000000
0.000000
0.000000
0.000000
0.000000
0.000000
0.000000
0.000000
0.000000
0.000000
0.000000
0.000000
0.000000
0.000000
0.000000
0.000000
0.000000
0.000000
0.000000
0.000000
0.000000
0.000000
0.000000
0.000000
0.000000
0.000000
0.000000
0.000000
0.000000
0.000000
0.000000
0.000000
0.000000
0.000000
0.000000
0.000000
0.000000
0.000000
0.000000
0.000000
0.000000
0.000000
0.000000
0.000000
0.000000
0.000000
0.000000
0.000000
0.000000
0.000000
0.000000
0.000000
0.000000
0.000000
0.000000
0.000000
0.000000
0.000001
0.000000
0.000000
0.000000
0.000000
0.000000
0.000000
0.000000
0.000000
0.000000
0.000000
0.000000
0.000000
0.000000
0.000000
0.000000
0.000001
0.000000
0.000000
0.000000
0.000000
0.000000
0.000000
0.000000
0.000000
0.000000
0.000000
0.000000
0.000000
0.000001
0.000000
0.000000
0.000000
0.000000
0.000000
0.000000
0.000006
0.000000
0.000001
0.000000
0.000000
0.000000
0.000000
0.000000
0.000001
0.000003
0.000000
0.000000
0.000001
0.000000
0.000000
0.000002
0.000016
0.000001
0.000000
0.000000
0.000000
0.000000
0.000000
0.000000
0.000001
0.000007
0.000000
0.000000
0.000005
0.000000
0.000000
0.000000
0.000001
0.000000
0.000000
0.000000
0.000000
0.000000
0.000000
0.000000
0.000001
0.000005
0.000001
0.000001
0.000005
0.000001
0.000000
0.000000
0.000000
0.000000
0.000000
0.000000
0.000000
0.000000
0.000000
0.000000
0.000003
0.000006
0.000002
0.000001
0.000007
0.000003
0.000001
0.000000
0.000000
0.000000
0.000000
0.000000
0.000000
0.000000
0.000000
0.000000
0.000004
0.000004
0.000003
0.000002
0.000012
0.000007
0.000002
0.000000
0.000000
0.000000
0.000000
0.000000
0.000000
0.000000
0.000000
0.000000
0.000010
0.000005
0.000001
0.000000
0.000001
0.000001
0.000000
0.000000
0.000000
0.000000
0.000000
0.000000
0.000000
0.000000
0.000000
0.000001
0.000008
0.000005
0.000001
0.000000
0.000001
0.000001
0.000001
0.000000
0.000000
0.000000
0.000000
0.450873
0.782019
0.749139
0.761801
0.859308
0.901358
0.910406
0.910857
0.892976
0.848089
0.826177
0.852235
0.788025
0.685955
0.500584
0.578897
0.713579
0.925326
0.869786
0.886781
0.923920
0.970232
0.990905
0.995163
0.993369
0.984004
0.970836
0.966303
0.941495
0.908163
0.793028
0.686953
0.587305
0.791508
0.438703
0.351679
0.498544
0.937922
0.998126
0.999678
0.999581
0.997908
0.993517
0.988892
0.969558
0.875545
0.649245
0.592353
0.205344
0.236378
0.058690
0.040163
0.084271
0.922680
0.999149
0.999943
0.999928
0.999521
0.998289
0.996835
0.991925
0.941249
0.690477
0.451613
0.038410
0.027889
0.009928
0.013435
0.040520
0.899983
0.999083
0.999951
0.999950
0.999836
0.999637
0.999401
0.998435
0.977376
0.725293
0.310250
0.025915
0.017024
0.009309
0.013648
0.045491
0.635257
0.978159
0.997943
0.999432
0.999598
0.999681
0.999670
0.999360
0.987502
0.753794
0.267807
0.029551
0.021158
0.017867
0.031916
0.084345
0.347206
0.730657
0.948134
0.995075
0.999257
0.999618
0.999622
0.999214
0.994214
0.873699
0.283378
0.029980
0.023014
0.022214
0.066581
0.261741
0.602384
0.799599
0.963773
0.997966
0.999722
0.999578
0.999031
0.998264
0.992239
0.929195
0.405301
0.027773
0.016623
0.017130
0.086587
0.524516
0.888532
0.973550
0.996987
0.999793
0.999900
0.999322
0.994224
0.981617
0.963484
0.877550
0.411734
0.021755
0.008751
0.010416
0.099140
0.709201
0.951537
0.989622
0.998600
0.999800
0.999753
0.997407
0.936140
0.709745
0.634064
0.649166
0.321139
0.016682
0.005447
0.009404
0.268724
0.905336
0.983678
0.993323
0.997194
0.998796
0.998592
0.988408
0.789073
0.285606
0.271050
0.604045
0.427775
0.015366
0.005293
0.018735
0.712004
0.989825
0.998219
0.998130
0.997370
0.997629
0.997504
0.987822
0.854025
0.590867
0.652989
0.791051
0.672917
0.020131
0.008441
0.040920
0.854832
0.996776
0.999258
0.998550
0.995857
0.995473
0.996915
0.995109
0.978073
0.955051
0.929600
0.885955
0.777990
0.029680
0.015068
0.051007
0.748821
0.986070
0.993456
0.987703
0.969612
0.978249
0.993651
0.996123
0.991735
0.987424
0.970726
0.931885
0.819970
0.055226
0.034635
0.064646
0.553934
0.931605
0.946308
0.912433
0.871659
0.968396
0.992775
0.995769
0.991653
0.979393
0.951003
0.909542
0.785868
0.079581
0.066744
0.101901
0.434915
0.775408
0.834646
0.769342
0.790560
0.928210
0.972584
0.975181
0.952479
0.868717
0.690019
0.521996
0.467400
0.403528
0.179780
0.253887
0.237837
0.181674
0.132425
0.114068
0.102345
0.110612
0.144554
0.167581
0.173258
0.211168
0.277119
0.344548
0.419496
0.215344
0.063618
0.112604
0.095526
0.049448
0.016641
0.004684
0.002279
0.003474
0.009909
0.019718
0.030956
0.046595
0.095496
0.144771
0.345939
0.339040
0.118767
0.290532
0.358778
0.241558
0.023213
0.000903
0.000124
0.000146
0.000809
0.002915
0.006064
0.011550
0.078941
0.226409
0.545708
0.708156
0.593443
0.838478
0.930997
0.839789
0.041872
0.000619
0.000025
0.000015
0.000098
0.000405
0.001269
0.002553
0.033706
0.218301
0.557604
0.965945
0.966684
0.985360
0.981572
0.901403
0.065346
0.001048
0.000043
0.000022
0.000055
0.000103
0.000181
0.000302
0.007316
0.130506
0.604523
0.977141
0.984828
0.988607
0.978812
0.917455
0.275922
0.021564
0.001567
0.000324
0.000180
0.000123
0.000112
0.000186
0.002600
0.101171
0.579678
0.969547
0.979691
0.981515
0.961236
0.897327
0.608333
0.240129
0.036087
0.002746
0.000418
0.000201
0.000169
0.000305
0.003343
0.117091
0.598638
0.969686
0.980488
0.977174
0.930232
0.681943
0.324127
0.134319
0.019742
0.001561
0.000204
0.000237
0.000617
0.001141
0.005910
0.071333
0.512687
0.975942
0.986670
0.983157
0.903371
0.400031
0.083415
0.017456
0.001894
0.000143
0.000048
0.000356
0.004333
0.015245
0.038787
0.122557
0.563771
0.983602
0.993398
0.989715
0.883052
0.234474
0.032222
0.006698
0.000961
0.000143
0.000136
0.001645
0.045869
0.291987
0.372017
0.457925
0.704397
0.987926
0.995818
0.988708
0.633408
0.054258
0.011341
0.006067
0.002555
0.000868
0.000985
0.007492
0.187171
0.753548
0.723161
0.601288
0.634479
0.989033
0.995960
0.973991
0.200847
0.006760
0.001213
0.001272
0.002133
0.002036
0.001920
0.006947
0.079663
0.338654
0.321201
0.254622
0.392428
0.985582
0.994041
0.948214
0.100016
0.003054
0.000628
0.001006
0.003306
0.004020
0.002667
0.003302
0.013254
0.041197
0.058889
0.067804
0.215611
0.979726
0.990158
0.951130
0.212621
0.018139
0.007221
0.013165
0.031116
0.019623
0.005770
0.002920
0.005299
0.009365
0.020560
0.031924
0.184022
0.960371
0.975923
0.938155
0.438802
0.113224
0.087229
0.123631
0.149974
0.041512
0.008145
0.003624
0.005564
0.009481
0.020184
0.028513
0.183731
0.923420
0.945034
0.908202
0.594359
0.288067
0.250526
0.297197
0.247594
0.089409
0.037303
0.026536
0.039141
0.087871
0.195499
0.247478
0.450343
