0.513059
0.502886
0.508470
0.484938
0.496668
0.435533
0.452140
0.444457
0.539685
0.466940
0.486029
0.525102
0.487312
0.531785
0.494862
0.419809
0.642167
0.478236
0.495259
0.453997
0.469908
0.429778
0.460649
0.494560
0.540870
0.426748
0.443319
0.537249
0.407466
0.510577
0.490461
0.377184
0.702704
0.432261
0.516041
0.497454
0.531070
0.559589
0.416005
0.512205
0.490537
0.387041
0.437135
0.604278
0.394241
0.553898
0.569799
0.380602
0.785973
0.323953
0.478426
0.498192
0.440213
0.833719
0.417127
0.253221
0.462460
0.425541
0.459600
0.606465
0.305298
0.541627
0.604062
0.383560
0.885189
0.251512
0.349833
0.450113
0.363698
0.972589
0.429172
0.081015
0.479383
0.445124
0.619327
0.613836
0.195448
0.554751
0.715427
0.384258
0.968294
0.274159
0.174736
0.487653
0.370813
0.817124
0.435755
0.315688
0.550022
0.472010
0.863068
0.745585
0.101016
0.368757
0.604151
0.338431
0.992322
0.292245
0.081875
0.543198
0.334288
0.465883
0.446189
0.417557
0.534960
0.393459
0.836220
0.737532
0.105609
0.409703
0.572436
0.362459
0.990977
0.285211
0.114171
0.518991
0.429107
0.250754
0.393939
0.440273
0.539512
0.403058
0.624816
0.690367
0.246745
0.548773
0.596249
0.375753
0.964569
0.240256
0.225914
0.647881
0.676867
0.271627
0.405053
0.488189
0.635579
0.410225
0.496793
0.619319
0.237577
0.543971
0.502531
0.358099
0.886816
0.200800
0.372665
0.814915
0.796595
0.396556
0.442203
0.561341
0.697403
0.444866
0.492467
0.653645
0.225433
0.496589
0.473228
0.380729
0.804286
0.222791
0.476257
0.857615
0.776632
0.482144
0.452051
0.494193
0.696675
0.534005
0.505787
0.643629
0.216511
0.476468
0.481134
0.394024
0.727496
0.288423
0.511918
0.781691
0.722886
0.577162
0.459198
0.408762
0.613644
0.579003
0.577511
0.642293
0.282577
0.477730
0.557454
0.351237
0.665740
0.382676
0.437298
0.643500
0.710325
0.693406
0.515722
0.426425
0.560013
0.525704
0.548184
0.567470
0.415211
0.541041
0.569946
0.229693
0.633722
0.492138
0.352867
0.479126
0.692956
0.746176
0.623701
0.541583
0.581290
0.555508
0.595266
0.557206
0.518166
0.606193
0.518702
0.176271
0.622317
0.510371
0.313272
0.446040
0.500839
0.634989
0.602755
0.608487
0.618176
0.589264
0.608414
0.514585
0.582900
0.601832
0.475112
0.216581
0.624179
0.546689
0.446859
0.595950
0.544717
0.655291
0.656453
0.667205
0.660859
0.616354
0.603850
0.537594
0.579944
0.651728
0.568585
0.335660
0.567295
0.611113
0.600341
0.578845
0.546721
0.540135
0.574265
0.634568
0.633191
0.614780
0.567417
0.577679
0.557333
0.532134
0.558598
0.555113
0.539278
0.578816
0.630378
0.659174
0.631153
0.572940
0.487638
0.507006
0.531937
0.506125
0.540596
0.581687
0.554515
0.481894
0.478324
0.500908
0.458284
0.433349
0.393427
0.448994
0.512131
0.495716
0.436304
0.416740
0.436005
0.422283
0.415158
0.419718
0.354599
0.300298
0.353626
0.439084
0.429520
0.421812
0.408611
0.480597
0.525489
0.742231
0.967255
0.596313
0.384199
0.341856
0.305376
0.299867
0.248082
0.251481
0.298011
0.367913
0.444648
0.528345
0.388094
0.409387
0.408747
0.376390
0.388596
0.388918
0.375662
0.421615
0.617053
0.821119
0.635066
0.455255
0.426620
0.417985
0.622029
0.749054
0.523041
0.433432
0.409789
0.240406
0.018099
0.294081
0.574868
0.658505
0.782500
0.839037
0.777919
0.587150
0.487223
0.444650
0.477478
0.521338
0.468893
0.426469
0.441901
0.459792
0.380463
0.377963
0.290337
0.287771
0.226133
0.133493
0.156510
0.193456
0.282556
0.408536
0.340762
0.300192
0.485110
0.492063
0.617610
0.639390
0.445762
0.413330
0.455107
0.598981
0.659075
0.535959
0.541223
0.551774
0.608780
0.574008
0.336299
0.300348
0.574367
0.662041
0.792003
0.744221
0.538764
0.425993
0.485696
0.601361
0.721575
0.822592
0.721497
0.598128
0.575990
0.529757
0.533010
0.561893
0.623631
0.637853
0.653492
0.513438
0.462746
0.456545
0.423679
0.517519
0.605566
0.689101
0.583291
0.530263
0.515371
0.493662
0.552274
0.569015
0.598438
0.596378
0.458937
0.383140
0.432114
0.442802
0.439581
0.526227
0.640452
0.663070
0.589092
0.552841
0.507636
0.485344
0.515228
0.503770
0.598008
0.558333
0.400422
0.460572
0.506651
0.445492
0.399349
0.395963
0.478361
0.479308
0.471519
0.469613
0.482220
0.482344
0.491576
0.524453
0.651109
0.611232
0.569874
0.623399
0.645226
0.608810
0.616891
0.655682
0.668930
0.643299
0.595868
0.605135
0.595230
0.549256
0.476385
0.591583
0.703970
0.701237
0.682108
0.578827
0.509388
0.565304
0.607789
0.623155
0.623153
0.532743
0.447577
0.480306
0.390518
0.389416
0.462620
0.538748
0.700700
0.748648
0.701615
0.547915
0.520706
0.525011
0.494070
0.470954
0.463586
0.412442
0.406225
0.418800
0.311282
0.393595
0.236196
0.158455
0.128453
0.130915
0.154287
0.173825
0.164860
0.156082
0.137728
0.162951
0.206821
0.218309
0.262156
0.249967
0.232059
0.315041
-0.386406
-0.186317
0.011828
0.170312
0.287652
0.281424
0.090639
-0.111345
-0.141647
-0.004937
0.199201
0.440885
0.423311
0.127148
-0.192694
-0.488585
-0.781913
-0.477241
-0.241782
-0.059072
0.085115
0.030684
-0.182814
-0.438954
-0.538447
-0.174495
0.149758
0.530785
0.514286
0.157677
-0.424638
-0.890226
-0.811173
-0.601472
-0.373595
-0.293808
-0.193915
-0.365800
-0.301453
-0.566990
-0.724690
-0.278335
0.037742
0.417675
0.377967
0.113722
-0.431508
-0.967380
-0.886487
-0.668645
-0.436148
-0.468831
-0.378381
-0.330120
-0.287928
-0.327705
-0.764787
-0.355745
-0.034565
0.368443
0.218308
-0.022088
-0.445118
-0.983615
-0.874948
-0.681238
-0.591123
-0.656457
-0.663474
-0.417154
-0.320298
-0.223661
-0.682184
-0.376893
-0.047380
0.484396
0.386384
-0.075907
-0.512228
-1.022203
-0.683728
-0.563392
-0.497164
-0.804134
-0.937346
-0.940607
-0.353283
-0.612652
-0.950343
-0.378760
0.309874
0.582926
0.468876
-0.083925
-0.583897
-1.024209
-0.645705
-0.536142
-0.437048
-0.818171
-0.902841
-0.832629
-0.561728
-1.019743
-1.106634
-0.644482
0.090671
0.563474
0.527767
-0.123503
-0.786019
-1.267657
-0.815983
-0.566282
-0.629080
-0.679884
-0.698179
-0.426294
-0.529102
-1.247930
-1.491755
-0.876031
-0.344921
0.366281
0.356580
-0.379703
-0.897837
-1.376792
-0.972428
-0.763533
-0.856240
-0.702679
-0.689974
-0.339204
-0.551422
-1.114781
-1.402728
-0.857102
-0.304363
0.389033
0.349687
-0.329611
-0.867996
-1.304210
-1.196470
-0.951658
-0.902989
-0.950670
-0.594683
-0.474891
-0.698813
-0.985195
-1.277919
-0.759253
-0.233195
0.341847
0.327198
-0.295990
-0.816183
-1.177457
-1.383777
-1.072405
-0.806058
-0.804544
-0.391533
-0.442804
-0.715918
-0.848950
-1.083754
-0.690730
-0.135591
0.475220
0.432700
-0.219152
-0.773198
-1.119038
-1.497956
-1.011609
-0.536363
-0.378286
-0.226171
-0.434205
-0.642707
-0.663760
-0.813939
-0.706145
-0.223499
0.298118
0.224016
-0.319677
-0.796366
-1.056694
-1.494611
-0.846673
-0.237514
-0.057092
-0.232656
-0.439851
-0.613648
-0.665181
-0.643051
-0.626514
-0.320120
0.121982
0.224553
-0.158701
-0.636243
-1.046431
-1.430239
-0.692303
-0.050399
0.181160
0.031532
-0.098163
-0.346436
-0.574615
-0.559661
-0.423035
-0.233784
0.116488
0.287061
-0.083007
-0.626888
-1.058078
-1.317934
-0.622351
-0.069066
0.356094
0.410601
0.412030
0.017687
-0.331164
-0.471464
-0.343307
-0.174771
0.033034
0.125434
-0.235663
-0.706520
-0.999245
-0.941370
-0.497256
-0.167804
0.174560
0.432728
0.475171
0.284240
0.117080
-0.014826
-0.086840
-0.071360
-0.047742
-0.042001
-0.298084
-0.604146
-0.727280
-0.616225
-0.807773
-0.901605
-0.935818
-0.986431
-1.039070
-0.956618
-0.889717
-0.915054
-1.054404
-1.087698
-1.106600
-1.165427
-1.109615
-0.983453
-0.561921
-0.235964
-0.277603
-0.181749
-0.092703
-0.098863
-0.237788
-0.220803
-0.262161
-0.229827
-0.356132
-0.440320
-0.511589
-0.628163
-0.565152
-0.403333
-0.079119
-0.011946
0.107868
0.146140
0.157877
0.122670
0.114829
0.342652
0.122673
0.197654
0.114004
-0.106135
-0.216495
-0.310349
-0.183005
0.003075
0.224699
0.259259
0.381480
0.327256
0.228984
0.164533
0.416776
0.657374
0.468989
0.552171
0.369092
0.178449
0.111551
0.018633
0.105344
0.340529
0.432448
0.555711
0.862132
0.394084
0.232197
0.232354
0.603318
0.408527
0.553581
0.891388
0.706568
0.560901
0.720699
0.490432
0.346491
0.498686
0.547636
1.036944
1.262768
0.589405
0.290744
0.387491
0.529300
0.605942
0.563365
1.018511
1.037379
1.080362
1.098985
1.166647
1.208799
1.110438
0.816043
1.216802
1.317347
0.779674
0.432104
0.468085
0.534614
0.480721
0.496606
0.878640
0.869022
0.930814
1.073725
1.005802
1.102935
0.949310
0.679080
1.217962
1.376482
0.835530
0.317322
0.484158
0.454693
0.115266
0.111851
0.508601
0.223178
0.244080
0.764741
0.462778
0.227514
0.172054
0.240016
0.949180
1.292592
0.521797
-0.076649
0.215437
0.023051
-0.142865
-0.019192
0.332554
0.136215
0.002908
0.149007
-0.020448
-0.116073
0.021541
0.162143
0.522933
0.742498
-0.066440
-0.296634
-0.206002
-0.053341
-0.129578
-0.161967
0.167856
0.116186
-0.061987
-0.022873
-0.180911
-0.208888
-0.118967
0.119327
0.376305
0.441412
-0.217121
-0.444318
-0.292554
-0.011188
0.032744
-0.166279
-0.046959
-0.143538
-0.389570
-0.509165
-0.585627
-0.556962
-0.374431
0.054599
0.281512
0.370918
-0.114857
-0.387552
-0.241313
0.033192
0.114816
-0.089769
-0.266545
-0.381660
-0.623093
-0.751121
-0.918684
-0.693337
-0.315163
0.077141
0.345649
0.418301
-0.008249
-0.232871
-0.119958
-0.159677
-0.090941
-0.123422
-0.214543
-0.139292
-0.217659
-0.224161
-0.447052
-0.330894
-0.055121
0.109901
0.281849
0.293210
0.042804
-0.253287
-0.320064
-0.379318
-0.361509
-0.257910
-0.255511
-0.215643
-0.178166
0.082495
-0.122206
-0.228527
-0.169468
-0.037686
-0.091693
-0.296906
-0.548202
-0.715453
-0.599973
-0.593670
-0.526934
-0.511197
-0.464219
-0.444678
-0.349138
-0.191810
-0.390279
-0.520107
-0.519486
-0.266741
-0.455158
-0.604026
-0.681137
-0.734593
-0.754391
-0.703493
-0.709464
-0.612492
-0.412914
-0.278169
-0.313805
-0.471084
-0.706352
-0.776237
-0.740632
-0.333051
0.000004
0.000005
0.000005
0.000004
0.000007
0.000006
0.000004
0.000006
0.000010
0.000019
0.000014
0.000028
0.000024
0.000050
0.000049
0.000034
0.000021
0.000025
0.000016
0.000007
0.000005
0.000005
0.000005
0.000025
0.000040
0.000018
0.000007
0.000014
0.000011
0.000026
0.000091
0.000161
0.000028
0.000037
0.000013
0.000009
0.000012
0.000016
0.000002
0.000039
0.000179
0.000013
0.000002
0.000005
0.000004
0.000009
0.000082
0.000470
0.000032
0.000081
0.000010
0.000018
0.000008
0.000033
0.011515
0.000127
0.000123
0.000014
0.000001
0.000004
0.000005
0.000016
0.000076
0.000574
0.000028
0.000938
0.000011
0.000017
0.000001
0.000492
0.995491
0.001432
0.000014
0.000004
0.000000
0.000001
0.000002
0.000003
0.000031
0.000541
0.000283
0.475158
0.000009
0.000010
0.000001
0.000014
0.000703
0.000009
0.000092
0.000005
0.000001
0.019670
0.001995
0.000003
0.000020
0.000132
0.001468
0.947103
0.000002
0.000002
0.000001
0.000001
0.000002
0.000001
0.000007
0.000002
0.000001
0.013230
0.000768
0.000001
0.000003
0.000012
0.000683
0.741997
0.000001
0.000001
0.000001
0.000001
0.000001
0.000000
0.000000
0.000000
0.000000
0.000000
0.000000
0.000000
0.000001
0.000007
0.000065
0.015487
0.000001
0.000001
0.000002
0.000004
0.000002
0.000001
0.000001
0.000001
0.000000
0.000002
0.000001
0.000000
0.000002
0.000007
0.000012
0.000110
0.000000
0.000000
0.000001
0.000002
0.000001
0.000004
0.000001
0.000001
0.000000
0.000005
0.000001
0.000000
0.000001
0.000003
0.000017
0.000104
0.000001
0.000000
0.000001
0.000001
0.000000
0.000002
0.000001
0.000001
0.000001
0.000015
0.000001
0.000001
0.000001
0.000002
0.000017
0.000089
0.000001
0.000000
0.000000
0.000000
0.000000
0.000001
0.000001
0.000001
0.000001
0.000010
0.000002
0.000001
0.000001
0.000002
0.000011
0.000033
0.000002
0.000000
0.000000
0.000000
0.000000
0.000000
0.000000
0.000001
0.000001
0.000005
0.000001
0.000000
0.000000
0.000001
0.000004
0.000021
0.000002
0.000000
0.000000
0.000000
0.000000
0.000000
0.000001
0.000003
0.000004
0.000015
0.000001
0.000000
0.000000
0.000000
0.000002
0.000024
0.000008
0.000001
0.000000
0.000000
0.000000
0.000000
0.000001
0.000003
0.000007
0.000011
0.000001
0.000000
0.000000
0.000000
0.000002
0.000004
0.000000
0.000000
0.000003
0.000002
0.000002
0.000001
0.000001
0.000003
0.000004
0.000005
0.000001
0.000000
0.000000
0.000000
0.034183
0.012142
0.007267
0.011149
0.022353
0.022608
0.011664
0.005273
0.004388
0.006851
0.011795
0.022285
0.035359
0.030299
0.018731
0.027613
0.012787
0.002055
0.000932
0.001542
0.003540
0.005034
0.003180
0.000781
0.000522
0.001323
0.003620
0.009276
0.019113
0.015962
0.006969
0.011931
0.010705
0.001941
0.000607
0.000823
0.001629
0.003411
0.004449
0.000647
0.000424
0.001670
0.009538
0.034929
0.065923
0.041607
0.012524
0.013636
0.015079
0.003615
0.000675
0.000545
0.000443
0.002062
0.004411
0.000732
0.000355
0.003788
0.040085
0.191076
0.297184
0.131086
0.026407
0.019694
0.027607
0.008445
0.001070
0.000626
0.000570
0.004177
0.003024
0.000882
0.000363
0.004366
0.105239
0.339084
0.519750
0.158425
0.031404
0.025537
0.043603
0.023016
0.002559
0.001005
0.004842
0.017477
0.003082
0.001066
0.000584
0.003406
0.103651
0.305279
0.367681
0.126142
0.023290
0.024315
0.086154
0.038425
0.005748
0.001669
0.015592
0.056233
0.011251
0.004208
0.001810
0.009934
0.270685
0.394087
0.470957
0.159782
0.031672
0.032372
0.145619
0.039455
0.013386
0.023357
0.701460
0.899481
0.360660
0.014575
0.004178
0.039073
0.400093
0.405272
0.526572
0.160555
0.041741
0.043698
0.117844
0.027449
0.023810
0.607605
0.997103
0.997858
0.887170
0.044650
0.005744
0.042709
0.270671
0.349983
0.362655
0.106993
0.033384
0.044393
0.062038
0.013093
0.078405
0.977494
0.999910
0.999799
0.973273
0.237421
0.016495
0.048237
0.202449
0.261620
0.236542
0.088640
0.034975
0.046297
0.032244
0.008562
0.225933
0.995104
0.999931
0.999811
0.989648
0.637807
0.072317
0.054537
0.162284
0.202280
0.169230
0.071181
0.039298
0.051762
0.018526
0.008358
0.287980
0.989450
0.999412
0.999491
0.997316
0.944312
0.420830
0.176874
0.267816
0.262299
0.216514
0.104571
0.061614
0.070869
0.016036
0.008948
0.120402
0.875765
0.994022
0.999195
0.999356
0.994347
0.937896
0.799535
0.746007
0.486263
0.248321
0.132836
0.117053
0.111284
0.016679
0.008757
0.042465
0.627264
0.984187
0.998962
0.999565
0.999042
0.996111
0.986744
0.963833
0.773986
0.347270
0.212555
0.206575
0.178844
0.023904
0.014606
0.062084
0.637128
0.957393
0.992973
0.997787
0.998756
0.998450
0.994762
0.973739
0.802795
0.406104
0.295395
0.265112
0.222176
0.053851
0.041138
0.131399
0.621735
0.844120
0.916513
0.958330
0.979030
0.979258
0.955784
0.859979
0.604361
0.376015
0.310505
0.259187
0.198011
0.967557
0.986583
0.990956
0.986136
0.972645
0.975154
0.988651
0.994462
0.994890
0.991391
0.985567
0.972858
0.960190
0.969282
0.983452
0.974901
0.985915
0.997057
0.998622
0.997696
0.994557
0.993201
0.996199
0.999060
0.999332
0.998290
0.995613
0.988875
0.977427
0.980027
0.992806
0.988256
0.987030
0.997329
0.999277
0.999094
0.997994
0.996300
0.995737
0.999330
0.999510
0.998012
0.990644
0.965922
0.932373
0.951413
0.986630
0.987427
0.983439
0.995801
0.999426
0.999533
0.999581
0.998498
0.996222
0.999394
0.999647
0.996318
0.966990
0.837551
0.730869
0.867567
0.973176
0.982547
0.974930
0.990095
0.999121
0.999473
0.999493
0.995817
0.996936
0.999241
0.999565
0.994331
0.861394
0.647662
0.473470
0.843419
0.969663
0.977644
0.959148
0.976769
0.997812
0.999075
0.996239
0.981853
0.995975
0.999042
0.999301
0.994303
0.820238
0.674493
0.626598
0.896803
0.981215
0.980661
0.913978
0.962520
0.995082
0.998004
0.985857
0.959981
0.990314
0.996623
0.998098
0.984973
0.662945
0.592386
0.565226
0.883930
0.975315
0.975649
0.849003
0.963202
0.989941
0.971667
0.315206
0.151056
0.694389
0.987007
0.995311
0.952994
0.644265
0.609329
0.562660
0.871494
0.965008
0.963543
0.878110
0.974962
0.977442
0.323806
0.002344
0.002787
0.136183
0.960469
0.994155
0.954885
0.775793
0.701989
0.717404
0.892477
0.964641
0.962104
0.939855
0.987712
0.891750
0.015892
0.000066
0.000120
0.017628
0.751188
0.984643
0.950381
0.798244
0.751427
0.807000
0.914042
0.964446
0.961572
0.970819
0.991534
0.708906
0.004008
0.000046
0.000108
0.005593
0.318171
0.934264
0.951852
0.840620
0.803559
0.863348
0.919366
0.960029
0.957559
0.981731
0.990499
0.681600
0.011061
0.000488
0.000328
0.001594
0.047175
0.594437
0.846459
0.747931
0.707387
0.787305
0.871583
0.928013
0.939698
0.984751
0.989643
0.878743
0.131352
0.006525
0.000567
0.000407
0.003853
0.058440
0.227915
0.301991
0.520435
0.719097
0.825287
0.875525
0.916864
0.984280
0.989141
0.944254
0.352157
0.017174
0.000824
0.000255
0.000553
0.002345
0.011227
0.039169
0.217411
0.606914
0.729970
0.782095
0.871294
0.976201
0.983194
0.934764
0.357703
0.041221
0.006379
0.001691
0.000876
0.001122
0.004022
0.019405
0.151141
0.557332
0.690223
0.736651
0.832780
0.948053
0.955031
0.891746
0.457328
0.209753
0.108376
0.053354
0.025827
0.024746
0.047959
0.133170
0.387763
0.647988
0.722556
0.729491
0.847167
0.489820
0.482477
0.485361
0.490157
0.484268
0.403465
0.393994
0.411702
0.500469
0.459898
0.516146
0.541863
0.457400
0.459239
0.405884
0.407523
0.585131
0.482440
0.485095
0.474222
0.469443
0.362248
0.329727
0.412258
0.531204
0.437971
0.508154
0.572328
0.382384
0.437819
0.387796
0.335000
0.691031
0.435077
0.476790
0.465459
0.455809
0.575467
0.352794
0.440975
0.556944
0.413593
0.485220
0.584537
0.338850
0.458018
0.427301
0.308940
0.814900
0.329145
0.427137
0.468717
0.348141
0.882180
0.400469
0.231970
0.547891
0.458799
0.537507
0.633808
0.243360
0.455350
0.483352
0.301552
0.930075
0.227113
0.264394
0.436900
0.348807
0.986324
0.427997
0.067431
0.609062
0.450244
0.800021
0.721630
0.151722
0.407197
0.564618
0.303279
0.997247
0.230946
0.101601
0.477308
0.343316
0.858375
0.423692
0.312176
0.691249
0.429426
0.962972
0.806171
0.067942
0.299884
0.512852
0.294614
1.008089
0.269169
0.033330
0.583057
0.359489
0.498140
0.402414
0.416990
0.668288
0.405700
0.926185
0.824779
0.077709
0.259521
0.451720
0.319059
1.003500
0.262975
0.060282
0.700396
0.539288
0.329492
0.314531
0.413049
0.633393
0.406745
0.737860
0.772510
0.159538
0.417612
0.468856
0.323487
0.973783
0.255496
0.236302
0.877036
0.820300
0.263450
0.234713
0.367292
0.637057
0.423841
0.608045
0.676103
0.165378
0.414399
0.404790
0.319876
0.895059
0.245647
0.553047
0.954982
0.873230
0.275580
0.155001
0.316984
0.604840
0.464506
0.619858
0.688856
0.183730
0.384078
0.370043
0.344068
0.823135
0.304790
0.660629
0.957119
0.866736
0.346155
0.163425
0.217665
0.507353
0.475352
0.598596
0.651330
0.193362
0.393095
0.378757
0.355382
0.763156
0.395245
0.639471
0.898471
0.873772
0.561162
0.276709
0.168404
0.377315
0.380504
0.567693
0.606340
0.236178
0.425812
0.451533
0.285715
0.729178
0.494247
0.564387
0.805235
0.890496
0.823570
0.480584
0.233952
0.349545
0.373755
0.480720
0.485643
0.288023
0.478676
0.509611
0.158277
0.714864
0.603872
0.547243
0.759269
0.897275
0.895453
0.708548
0.461630
0.415039
0.380664
0.435431
0.437119
0.407224
0.579588
0.486628
0.106673
0.706111
0.640102
0.547962
0.739053
0.783003
0.828353
0.738665
0.599483
0.487992
0.399539
0.403031
0.362636
0.448842
0.545255
0.407061
0.140004
0.595157
0.541046
0.439976
0.556374
0.519168
0.595631
0.599794
0.577677
0.524345
0.444950
0.406577
0.367171
0.412970
0.504844
0.381278
0.199185
0.512301
0.582851
0.608387
0.605696
0.592767
0.583806
0.586266
0.612444
0.610595
0.618275
0.585533
0.581110
0.571245
0.535917
0.526493
0.537734
0.597746
0.700467
0.730899
0.735542
0.704680
0.688214
0.639187
0.651384
0.682087
0.702861
0.708786
0.695698
0.669709
0.623708
0.623303
0.617581
0.566603
0.560206
0.527564
0.540024
0.552938
0.581662
0.602377
0.605362
0.610603
0.633463
0.609736
0.557834
0.467103
0.430349
0.495178
0.549141
0.560009
0.551206
0.553518
0.552394
0.556475
0.863920
0.971178
0.855891
0.566527
0.518645
0.546525
0.514495
0.378708
0.334607
0.400748
0.450735
0.621827
0.660670
0.599079
0.488028
0.485721
0.429801
0.387411
0.415987
0.543568
0.638214
0.859108
0.958709
0.886057
0.650313
0.571460
0.515940
0.723873
0.786226
0.730029
0.543372
0.547790
0.265328
0.053377
0.239277
0.590703
0.694183
0.800610
0.861118
0.811497
0.745517
0.604079
0.497877
0.505322
0.508725
0.566839
0.573703
0.685868
0.609207
0.429208
0.391960
0.273474
0.212995
0.111319
0.080183
0.049198
0.115284
0.226807
0.371143
0.279979
0.272045
0.427873
0.615773
0.779913
0.783722
0.558447
0.484936
0.492317
0.485738
0.316892
0.183258
0.170280
0.275725
0.448245
0.558428
0.208337
0.236155
0.429633
0.666869
0.839047
0.814640
0.646957
0.490145
0.550207
0.625785
0.573393
0.566310
0.595020
0.511882
0.539380
0.578960
0.373453
0.481005
0.529959
0.653311
0.680928
0.612771
0.639472
0.520334
0.452979
0.562520
0.553491
0.570016
0.532653
0.520433
0.511156
0.543476
0.461342
0.533793
0.551712
0.639998
0.533454
0.488611
0.613701
0.560894
0.444147
0.546544
0.541134
0.521614
0.488131
0.494096
0.511196
0.544984
0.490305
0.515271
0.558793
0.581527
0.524811
0.559449
0.623166
0.604053
0.488363
0.511742
0.517827
0.445414
0.450489
0.525396
0.569772
0.567744
0.504288
0.557774
0.586083
0.597743
0.639999
0.703540
0.729960
0.751507
0.774769
0.768385
0.764668
0.702201
0.700829
0.752015
0.712152
0.643587
0.498416
0.615446
0.666023
0.634385
0.693579
0.648773
0.607480
0.656501
0.696275
0.723879
0.704374
0.584421
0.547459
0.572984
0.528757
0.532422
0.507514
0.587658
0.686767
0.716798
0.726943
0.664709
0.648491
0.625313
0.602404
0.564313
0.544605
0.471155
0.429750
0.450780
0.410800
0.512544
0.395538
0.315792
0.252206
0.230646
0.241375
0.240162
0.225263
0.229630
0.231641
0.253005
0.299520
0.341000
0.379937
0.392698
0.420723
0.508654
-0.356894
-0.243818
-0.122423
0.069977
0.173680
0.136651
0.012164
-0.163913
-0.230692
-0.165374
0.043739
0.175249
0.133700
-0.045873
-0.285678
-0.384660
-0.684059
-0.578643
-0.429572
-0.181511
0.004869
0.054956
-0.095770
-0.423140
-0.627026
-0.384705
-0.059668
0.271787
0.228169
-0.021831
-0.504779
-0.773346
-0.778944
-0.760943
-0.494640
-0.346283
-0.271018
-0.221304
-0.342072
-0.585393
-0.756306
-0.476098
0.065239
0.348188
0.289874
0.035686
-0.544118
-0.863728
-0.846142
-0.897673
-0.545743
-0.458123
-0.354995
-0.235663
-0.562498
-0.432449
-0.734722
-0.427737
0.194479
0.405558
0.267296
-0.009412
-0.526005
-0.879363
-0.852204
-0.951369
-0.590947
-0.624822
-0.569556
-0.549877
-0.641182
-0.526444
-0.662985
-0.507795
0.328381
0.376970
0.468468
0.052601
-0.560051
-0.982444
-0.791706
-0.880472
-0.562981
-0.627172
-0.721907
-0.711113
-0.679537
-0.918074
-1.020885
-0.547617
0.329803
0.332503
0.336463
0.148663
-0.595834
-0.962311
-0.752750
-0.863489
-0.567411
-0.507932
-0.752216
-0.589340
-0.597094
-1.041311
-1.276482
-0.828962
0.179628
0.296933
0.312594
0.023059
-0.717629
-1.073732
-0.872899
-0.871623
-0.695309
-0.285708
-0.380515
-0.385232
-0.655585
-1.009175
-1.427570
-1.007424
-0.095966
0.235044
0.343112
-0.179892
-0.775376
-1.134474
-0.904433
-1.066885
-0.679280
-0.062134
-0.344321
-0.218296
-0.603323
-0.953516
-1.273608
-0.905401
-0.084348
0.439584
0.406631
-0.179819
-0.704393
-1.058098
-1.047889
-1.146344
-0.440221
-0.018034
-0.156499
-0.421689
-0.794610
-0.870472
-1.109086
-0.853987
-0.108615
0.428345
0.424595
-0.172352
-0.632772
-0.943265
-1.284320
-1.195730
-0.308878
0.054141
0.061128
-0.348773
-0.706561
-0.777175
-0.957665
-0.691526
-0.151537
0.374540
0.313080
-0.255866
-0.624555
-0.864178
-1.415468
-1.171789
-0.303387
0.204846
0.317089
-0.119810
-0.483333
-0.608907
-0.752731
-0.642839
-0.205193
0.183604
0.090151
-0.248592
-0.711314
-0.910049
-1.443341
-1.036915
-0.365365
0.428104
0.549504
0.297626
-0.227225
-0.458896
-0.598841
-0.572960
-0.371002
-0.050627
0.017443
-0.195208
-0.714080
-1.036770
-1.368841
-0.973478
-0.356031
0.663954
0.823828
0.587531
0.204765
-0.187335
-0.311656
-0.342486
-0.304792
-0.059448
0.190273
0.024393
-0.551166
-1.034711
-1.165031
-0.841540
-0.281374
0.474748
0.865371
0.842670
0.413146
0.093401
-0.190196
-0.318503
-0.267151
-0.147928
0.026498
-0.148354
-0.453726
-0.956830
-0.730582
-0.605450
-0.245806
0.198481
0.494994
0.617785
0.433032
0.227666
0.012592
-0.115420
-0.142997
-0.093498
-0.050459
-0.209285
-0.344830
-0.700112
-0.621281
-0.793536
-0.813979
-0.849968
-0.930755
-0.973611
-0.920237
-0.931611
-0.916049
-0.996619
-1.040781
-1.082300
-1.170105
-1.182448
-1.164910
-0.753470
-0.497969
-0.665157
-0.584052
-0.525583
-0.483760
-0.608943
-0.633707
-0.724760
-0.724759
-0.763690
-0.868220
-0.934262
-0.999124
-1.046763
-0.996188
-0.600256
-0.386055
-0.402099
-0.382503
-0.345658
-0.214790
-0.228986
0.061867
-0.237427
-0.359284
-0.379424
-0.619375
-0.567768
-0.612754
-0.670440
-0.708451
-0.417506
-0.194979
0.017132
-0.137358
-0.226918
-0.119125
-0.123265
-0.011521
0.010422
-0.064223
-0.064418
-0.212405
-0.090928
-0.139529
-0.224313
-0.269427
-0.174937
0.200714
0.456060
0.145673
-0.124522
-0.049759
-0.000610
-0.353803
-0.090679
0.243488
0.529175
0.373025
0.610056
0.501516
0.176272
0.029049
0.041927
0.504595
0.502072
0.322638
-0.057034
-0.030626
0.335739
0.041466
0.137359
0.388002
0.817467
0.700009
0.442443
0.492142
0.755140
0.438154
0.216521
0.578787
0.543807
0.406564
0.130301
0.372698
0.336029
0.277350
0.342168
0.454492
0.643728
0.642384
0.458138
0.551537
0.827248
0.418212
0.226702
0.680028
0.612096
0.500075
0.205411
0.346701
0.264030
0.000492
0.039606
0.284135
0.395729
0.460150
0.629859
0.438089
0.200799
-0.057642
0.012527
0.671942
0.746428
0.400078
0.112176
0.041008
-0.244648
-0.279806
-0.140032
0.115584
0.087514
-0.090128
-0.081042
-0.214916
-0.343574
-0.349813
-0.046818
0.490811
0.455855
0.143034
0.065357
-0.180874
-0.223615
-0.018566
-0.084170
-0.132395
-0.156617
-0.358351
-0.306854
-0.458360
-0.577794
-0.397953
-0.019082
0.299425
0.171562
0.088697
0.177099
-0.062068
-0.072428
0.053019
-0.015239
-0.201270
-0.393891
-0.775190
-0.849172
-0.851506
-0.845445
-0.525766
-0.054694
0.177835
0.064653
0.125763
0.207742
0.086060
0.036353
-0.158455
-0.118088
-0.129857
-0.412449
-0.867005
-0.985007
-1.164212
-0.896943
-0.383767
0.009152
0.184616
0.037027
0.064038
0.171288
0.183231
-0.004903
-0.225738
-0.287548
-0.255763
-0.172315
-0.367562
-0.623385
-0.744858
-0.531580
-0.092893
0.135524
0.094530
-0.142495
-0.132240
-0.067832
-0.047498
-0.203636
-0.292923
-0.330954
-0.383697
-0.445744
-0.485177
-0.408840
-0.562559
-0.331581
-0.043250
0.247717
-0.078573
-0.599139
-0.735056
-0.660045
-0.451438
-0.473538
-0.431771
-0.438108
-0.525567
-0.552207
-0.585515
-0.467035
-0.521832
-0.385595
0.021340
0.228627
-0.122458
-0.357584
-0.374317
-0.445955
-0.448426
-0.438896
-0.317522
-0.217439
-0.114896
-0.098544
-0.115371
-0.211122
-0.298488
-0.193867
0.028828
0.047739
0.000000
0.000000
0.000000
0.000000
0.000000
0.000000
0.000000
0.000000
0.000000
0.000000
0.000000
0.000001
0.000001
0.000001
0.000001
0.000001
0.000001
0.000003
0.000003
0.000003
0.000003
0.000002
0.000001
0.000002
0.000003
0.000003
0.000001
0.000005
0.000003
0.000008
0.000012
0.000005
0.000002
0.000008
0.000002
0.000003
0.000006
0.000004
0.000002
0.000002
0.000017
0.000003
0.000001
0.000002
0.000001
0.000004
0.000032
0.000034
0.000007
0.000034
0.000002
0.000005
0.000002
0.000032
0.019284
0.000034
0.000045
0.000008
0.000000
0.000003
0.000001
0.000005
0.000046
0.000071
0.000016
0.001129
0.000001
0.000005
0.000000
0.000553
0.994296
0.001274
0.000009
0.000004
0.000000
0.000106
0.000007
0.000001
0.000021
0.000099
0.000530
0.680697
0.000003
0.000002
0.000000
0.000003
0.001225
0.000012
0.000098
0.000012
0.000123
0.994408
0.661802
0.000025
0.000046
0.000068
0.002965
0.977826
0.000004
0.000001
0.000000
0.000000
0.000002
0.000000
0.000005
0.000001
0.000017
0.973006
0.272049
0.000005
0.000006
0.000003
0.001136
0.889652
0.000002
0.000002
0.000001
0.000001
0.000001
0.000000
0.000000
0.000000
0.000000
0.000004
0.000000
0.000000
0.000000
0.000000
0.000080
0.044628
0.000000
0.000000
0.000001
0.000004
0.000001
0.000000
0.000000
0.000000
0.000000
0.000000
0.000000
0.000000
0.000000
0.000000
0.000006
0.000119
0.000000
0.000000
0.000001
0.000003
0.000000
0.000001
0.000000
0.000000
0.000000
0.000001
0.000000
0.000000
0.000000
0.000000
0.000003
0.000027
0.000000
0.000000
0.000000
0.000001
0.000000
0.000001
0.000000
0.000000
0.000000
0.000003
0.000000
0.000000
0.000000
0.000000
0.000001
0.000009
0.000000
0.000000
0.000000
0.000001
0.000001
0.000001
0.000000
0.000000
0.000000
0.000001
0.000000
0.000000
0.000000
0.000000
0.000001
0.000009
0.000000
0.000000
0.000000
0.000000
0.000001
0.000000
0.000000
0.000000
0.000000
0.000001
0.000000
0.000000
0.000000
0.000000
0.000001
0.000012
0.000001
0.000000
0.000000
0.000001
0.000001
0.000001
0.000001
0.000001
0.000001
0.000006
0.000001
0.000000
0.000000
0.000000
0.000000
0.000005
0.000004
0.000001
0.000000
0.000001
0.000001
0.000000
0.000000
0.000001
0.000002
0.000004
0.000000
0.000000
0.000000
0.000000
0.000000
0.000000
0.000000
0.000000
0.000001
0.000001
0.000001
0.000000
0.000000
0.000001
0.000001
0.000001
0.000000
0.000000
0.000000
0.000000
0.029986
0.016506
0.010606
0.014304
0.022945
0.023330
0.013642
0.007522
0.006890
0.010340
0.016557
0.026456
0.036639
0.031736
0.021600
0.025818
0.013267
0.003811
0.001720
0.002390
0.004638
0.005995
0.004100
0.001402
0.001069
0.002273
0.005466
0.011108
0.021569
0.019154
0.010118
0.011990
0.010931
0.002998
0.000967
0.001053
0.002216
0.003460
0.004097
0.000922
0.000878
0.002947
0.011848
0.031506
0.061738
0.045308
0.016686
0.016095
0.012883
0.004190
0.000906
0.000676
0.000901
0.002771
0.005383
0.001449
0.000780
0.005964
0.042351
0.111711
0.184565
0.123245
0.034654
0.022727
0.021685
0.009454
0.001493
0.000763
0.001241
0.007640
0.003816
0.001656
0.000751
0.010946
0.169761
0.238295
0.384629
0.218789
0.052899
0.030262
0.049094
0.023545
0.003939
0.001410
0.006524
0.019841
0.003297
0.001697
0.001242
0.013653
0.306709
0.297739
0.356929
0.204268
0.044925
0.031067
0.108989
0.039610
0.009801
0.003268
0.018775
0.033554
0.008609
0.005377
0.002800
0.022864
0.369132
0.356254
0.481019
0.220212
0.056957
0.039333
0.146182
0.039605
0.025972
0.053795
0.560808
0.654804
0.254446
0.021822
0.006250
0.047678
0.263656
0.227960
0.338879
0.166176
0.066699
0.046836
0.095597
0.028651
0.082121
0.775791
0.990571
0.987523
0.850275
0.116525
0.010754
0.048945
0.185510
0.190708
0.261312
0.157559
0.067245
0.046634
0.043074
0.019076
0.362262
0.992904
0.999824
0.999590
0.989503
0.539795
0.037051
0.056813
0.180444
0.213849
0.262711
0.150222
0.066545
0.042441
0.023169
0.019321
0.647977
0.998393
0.999945
0.999893
0.997705
0.863077
0.167921
0.070094
0.157352
0.177820
0.186599
0.103498
0.060927
0.040895
0.017344
0.021872
0.614554
0.995567
0.999726
0.999832
0.999117
0.980159
0.647146
0.240033
0.224353
0.202016
0.191755
0.128998
0.086428
0.053701
0.015459
0.021346
0.269110
0.962277
0.997718
0.999686
0.999711
0.998035
0.973574
0.830943
0.687023
0.443691
0.298152
0.213188
0.161671
0.097850
0.015658
0.018404
0.105276
0.865000
0.994567
0.999507
0.999848
0.999720
0.998633
0.991458
0.960543
0.790437
0.504834
0.411530
0.347380
0.188902
0.025904
0.030573
0.142332
0.845778
0.986237
0.998078
0.999560
0.999774
0.999611
0.998417
0.990889
0.922972
0.692664
0.531949
0.465888
0.248401
0.048326
0.051431
0.147153
0.703341
0.894013
0.958341
0.983637
0.991976
0.991285
0.981697
0.938680
0.778380
0.533679
0.379580
0.316633
0.162620
0.961771
0.980949
0.988044
0.984157
0.975328
0.975976
0.984840
0.990638
0.991604
0.988414
0.982192
0.973863
0.964292
0.965504
0.974624
0.966648
0.981127
0.995348
0.998005
0.997249
0.995155
0.993893
0.995745
0.998227
0.998539
0.997352
0.993871
0.987841
0.978166
0.978644
0.988306
0.981710
0.984414
0.996021
0.998832
0.998714
0.997617
0.994981
0.995074
0.998549
0.998786
0.996781
0.986645
0.966221
0.937136
0.950136
0.981301
0.979535
0.981730
0.994307
0.998922
0.999188
0.999009
0.996504
0.994692
0.998376
0.998840
0.993669
0.953529
0.874400
0.791381
0.859457
0.959773
0.971622
0.970856
0.988549
0.998154
0.998986
0.998657
0.991338
0.996171
0.998096
0.998938
0.989851
0.843419
0.739381
0.632318
0.774157
0.941346
0.962650
0.951124
0.976555
0.996300
0.998121
0.994682
0.982754
0.995934
0.998662
0.998185
0.987669
0.740022
0.711555
0.687311
0.804581
0.956614
0.967572
0.912426
0.964114
0.991530
0.995830
0.983320
0.959969
0.989781
0.994894
0.995090
0.972456
0.622919
0.649711
0.614482
0.749192
0.933851
0.952200
0.870612
0.964150
0.977105
0.935078
0.388393
0.249866
0.683624
0.970211
0.988645
0.944202
0.692904
0.730884
0.599229
0.754006
0.907906
0.928963
0.897278
0.973165
0.922768
0.177301
0.009349
0.010526
0.107421
0.835917
0.981913
0.942187
0.760457
0.739236
0.666846
0.782741
0.917874
0.932123
0.946870
0.979378
0.622971
0.008047
0.000256
0.000370
0.011189
0.375748
0.945336
0.929578
0.767688
0.726051
0.671412
0.804315
0.918225
0.932623
0.969574
0.977622
0.309672
0.002192
0.000117
0.000164
0.002904
0.113050
0.771697
0.912999
0.806959
0.788510
0.770494
0.847476
0.913656
0.934671
0.975282
0.973797
0.360304
0.005681
0.000524
0.000354
0.001269
0.023170
0.286481
0.704776
0.715575
0.740956
0.754206
0.817913
0.895805
0.925338
0.974708
0.978342
0.740472
0.057232
0.003690
0.000633
0.000538
0.002999
0.032946
0.148288
0.272545
0.529583
0.673331
0.789047
0.846968
0.898818
0.972220
0.983834
0.910249
0.179434
0.009334
0.000920
0.000336
0.000490
0.002070
0.010239
0.038874
0.197035
0.496922
0.620125
0.667835
0.789497
0.957018
0.970747
0.866899
0.190997
0.021382
0.003544
0.000947
0.000465
0.000692
0.002428
0.013386
0.106859
0.357216
0.514849
0.544482
0.716392
0.932060
0.932915
0.800879
0.332483
0.129201
0.057375
0.022365
0.011959
0.012706
0.023713
0.069040
0.223216
0.441037
0.562286
0.616757
0.771859
0.430444
0.555267
0.591570
0.581111
0.555862
0.490288
0.491822
0.498464
0.548404
0.553354
0.605107
0.599606
0.508264
0.487449
0.480390
0.580467
0.440590
0.583561
0.613425
0.603230
0.596643
0.500631
0.485052
0.541568
0.598798
0.589059
0.651448
0.640744
0.481678
0.493517
0.497974
0.579680
0.497907
0.546775
0.552797
0.555013
0.555450
0.550834
0.482432
0.522967
0.555949
0.569279
0.675507
0.677189
0.404299
0.449098
0.478389
0.559608
0.566198
0.467655
0.481885
0.510275
0.499857
0.746299
0.509908
0.242554
0.510333
0.581585
0.704010
0.721136
0.309036
0.376014
0.451141
0.539555
0.676256
0.382114
0.310712
0.445678
0.436604
0.929341
0.463106
0.144813
0.513934
0.598009
0.864127
0.723137
0.088525
0.188646
0.410348
0.494558
0.867566
0.347981
0.139072
0.459969
0.412792
0.828294
0.436972
0.270496
0.537382
0.701473
0.994729
0.804588
0.032828
0.087378
0.326268
0.523561
0.943739
0.305596
0.075538
0.525241
0.454601
0.686295
0.475724
0.379247
0.591768
0.707524
0.988013
0.806029
0.041604
0.094446
0.362136
0.561037
0.931378
0.287364
0.131850
0.663327
0.622185
0.482468
0.382200
0.409783
0.534553
0.584203
0.908221
0.759047
0.088186
0.183026
0.401758
0.566222
0.821694
0.332543
0.397008
0.858545
0.793333
0.360094
0.240510
0.344848
0.466418
0.502797
0.780160
0.679716
0.138847
0.247098
0.396327
0.583032
0.649549
0.455027
0.771711
0.960127
0.824223
0.218330
0.103311
0.227875
0.426912
0.444420
0.667585
0.636384
0.170766
0.288096
0.409075
0.598873
0.518671
0.561262
0.877459
0.972040
0.796850
0.179726
0.073497
0.147829
0.364002
0.422459
0.610705
0.607474
0.222315
0.347063
0.434331
0.611287
0.456064
0.600861
0.865591
0.937593
0.815416
0.358292
0.141973
0.126455
0.295566
0.443314
0.606511
0.592454
0.276730
0.402910
0.483633
0.593107
0.431678
0.625308
0.790624
0.904140
0.894237
0.701102
0.328752
0.166514
0.241985
0.358891
0.468970
0.492256
0.305165
0.437858
0.488278
0.496279
0.426377
0.643788
0.727784
0.881353
0.920770
0.826575
0.485942
0.234993
0.198043
0.191296
0.246980
0.306091
0.285388
0.409615
0.423888
0.411142
0.439033
0.662538
0.715534
0.842970
0.851525
0.745399
0.525526
0.333571
0.234092
0.151302
0.129998
0.158881
0.237040
0.418390
0.413126
0.404552
0.509332
0.658778
0.735840
0.799922
0.755242
0.681803
0.537822
0.414278
0.288265
0.197004
0.176795
0.219572
0.313580
0.495892
0.490376
0.447886
0.626557
0.560285
0.572846
0.572162
0.562756
0.569116
0.574723
0.603334
0.610628
0.583298
0.562571
0.541129
0.552922
0.548856
0.579677
0.554951
0.706748
0.637634
0.667359
0.667363
0.651698
0.651433
0.592491
0.636340
0.667023
0.638084
0.633392
0.633331
0.630058
0.610135
0.657412
0.623711
0.689080
0.584679
0.580455
0.542567
0.554290
0.603355
0.526917
0.615771
0.650003
0.632514
0.604586
0.580520
0.562169
0.543579
0.588434
0.596441
0.679483
0.558683
0.621313
0.577884
0.601191
0.806268
0.902682
0.869760
0.642153
0.573181
0.549645
0.514785
0.475570
0.487297
0.524088
0.554264
0.729601
0.655441
0.715055
0.556770
0.499515
0.506110
0.466284
0.557324
0.637397
0.749690
0.887696
0.949024
0.938376
0.862777
0.741474
0.645952
0.828428
0.728434
0.811813
0.633531
0.606307
0.408903
0.162769
0.420930
0.668990
0.766065
0.871053
0.839053
0.856376
0.795094
0.649727
0.582035
0.676602
0.497158
0.672488
0.635555
0.672539
0.597465
0.471452
0.423141
0.451078
0.266052
0.136328
0.047952
0.040114
0.175531
0.316228
0.437238
0.420792
0.262488
0.522968
0.651754
0.752427
0.648613
0.486084
0.547887
0.577217
0.488365
0.260576
0.061223
0.062391
0.249668
0.469992
0.564850
0.369837
0.206259
0.419640
0.763565
0.833534
0.636611
0.563870
0.625695
0.682488
0.647387
0.524707
0.399509
0.363426
0.492125
0.611533
0.619061
0.548504
0.319901
0.513805
0.794759
0.727006
0.542311
0.529982
0.635236
0.699976
0.652646
0.591508
0.455542
0.408472
0.547387
0.634917
0.607968
0.637493
0.431251
0.587346
0.752639
0.621340
0.475815
0.519941
0.587272
0.701545
0.690565
0.650613
0.517105
0.445558
0.563775
0.649866
0.600712
0.674721
0.477516
0.561374
0.635335
0.533696
0.531001
0.539157
0.506774
0.647962
0.683541
0.662180
0.533183
0.487214
0.611302
0.691001
0.622667
0.669344
0.532769
0.552588
0.617264
0.634694
0.690344
0.643900
0.616984
0.721215
0.781847
0.801684
0.739943
0.723254
0.783558
0.811380
0.723629
0.675318
0.607077
0.648358
0.710870
0.736415
0.686639
0.637990
0.641538
0.679156
0.699871
0.694813
0.653442
0.659660
0.757320
0.779865
0.672844
0.741984
0.681244
0.703054
0.753387
0.708370
0.629624
0.586901
0.579735
0.562006
0.538930
0.540951
0.503966
0.568171
0.688879
0.697662
0.627378
0.714398
0.617691
0.513783
0.377473
0.293527
0.261797
0.246572
0.225642
0.215995
0.256162
0.340431
0.422224
0.568918
0.663573
0.687763
0.585540
0.003678
-0.110979
-0.011283
0.043317
0.043572
0.051942
0.112754
0.076036
0.048017
0.038068
0.033236
-0.022874
0.009070
-0.039818
-0.027624
-0.123215
-0.296262
-0.589037
-0.490340
-0.457537
-0.422584
-0.413499
-0.352224
-0.189054
-0.360311
-0.398617
-0.265763
-0.243263
-0.265511
-0.399216
-0.490547
-0.407610
-0.526217
-0.821175
-0.437298
-0.449899
-0.383277
-0.438519
-0.712431
-0.290818
-0.448348
-0.520835
-0.224207
-0.128158
-0.217024
-0.454047
-0.655853
-0.483410
-0.710805
-1.037655
-0.460940
-0.555796
-0.409967
-0.570452
-1.086484
-0.678501
-0.615172
-0.631682
-0.159458
-0.202133
-0.267926
-0.500291
-0.767692
-0.602573
-0.680923
-1.362395
-0.485023
-0.509953
-0.322038
-1.139324
-1.493760
-0.591536
-0.638454
-0.690415
-0.090394
-0.466408
-0.335098
-0.197675
-0.678629
-0.688285
-0.939080
-1.584437
-0.403569
-0.501210
-0.563067
-0.569946
-1.011618
-0.961610
-0.929884
-0.721791
-0.376115
-0.502232
-0.511709
-0.285763
-0.909586
-0.773363
-1.132812
-1.627603
-0.355559
-0.515044
-0.682548
-0.340057
-0.526827
-0.554908
-0.792529
-0.486507
-0.107244
-0.599915
-0.454760
-0.281766
-0.813356
-0.757263
-1.128106
-1.599473
-0.316977
-0.200524
-0.251323
0.009153
-0.072906
-0.281033
-0.664555
-0.458935
0.443965
-0.105221
0.009579
-0.122854
-0.741412
-0.545443
-0.812103
-1.425713
-0.092487
0.495053
0.339856
0.366380
0.645363
0.058591
-0.567546
-0.771289
-0.211425
-0.384250
-0.323247
-0.500594
-0.858051
-0.587490
-0.669904
-1.099782
0.255535
0.888040
0.491341
0.459568
0.672703
0.171952
-0.539110
-0.877764
-0.532259
-0.579616
-0.637993
-0.793460
-0.853156
-0.546316
-0.662987
-0.893273
0.463425
0.726986
0.893984
0.949920
0.813296
0.517400
-0.097311
-0.479085
-0.347389
-0.519540
-0.642661
-0.634508
-0.535359
-0.413187
-0.683556
-0.771196
0.245014
0.563765
1.025233
1.126972
0.886538
0.775700
0.542684
0.138380
0.042639
-0.299831
-0.378525
-0.383096
-0.483654
-0.361577
-0.725561
-0.946263
-0.265056
0.563092
0.994807
1.227783
1.084722
1.042630
0.965658
0.677553
0.403423
0.093297
-0.179192
-0.407092
-0.544272
-0.224537
-0.758009
-1.062581
-0.477433
0.429822
0.812337
1.086619
1.102722
0.939080
0.719274
0.501469
0.425568
0.085933
-0.065369
-0.189684
-0.007609
0.119575
-0.338701
-0.435309
-0.102841
0.353784
0.630251
0.792875
0.949061
0.930560
0.822785
0.648077
0.429425
0.339805
0.374142
0.388407
0.452233
0.437836
-0.105103
0.112104
0.660797
0.747139
0.646744
0.540990
0.566337
0.607467
0.472364
0.259663
0.105541
0.205073
0.464135
0.500925
0.520122
0.257026
0.049962
-0.193008
-0.284319
-0.232403
-0.237264
-0.304570
-0.314139
-0.363928
-0.333276
-0.389607
-0.428689
-0.550639
-0.596142
-0.625439
-0.513067
-0.386325
-0.057561
-0.577918
-0.565138
-0.400854
-0.418875
-0.392453
-0.459343
-0.681265
-0.628317
-0.660308
-0.781866
-0.955636
-0.923896
-0.911138
-0.790667
-0.492726
-0.043618
-0.390566
-0.394322
-0.330138
-0.233601
-0.238214
-0.194394
-0.284755
-0.514514
-0.529765
-0.604527
-0.712806
-0.593732
-0.631847
-0.597837
-0.445548
0.103965
-0.123134
-0.174194
-0.242877
-0.090453
-0.230261
-0.513269
-0.304965
-0.471283
-0.515133
-0.498338
-0.461768
-0.206249
-0.348543
-0.407297
-0.403071
0.377113
0.086591
0.149779
-0.117258
-0.169796
-0.336711
-0.715749
-0.540458
-0.274325
0.038876
0.240312
0.307423
0.457493
0.267491
-0.055047
-0.172104
0.391382
0.128734
0.308664
0.086488
0.343427
0.604015
-0.122937
0.025727
-0.195083
0.163736
0.055950
-0.054102
-0.012366
0.226361
0.094203
-0.056941
0.313947
0.056737
0.397883
0.222342
0.414628
0.598460
0.257925
0.489764
0.217387
0.337674
0.461047
-0.015597
0.134741
0.382880
0.272423
0.095005
0.475900
0.125333
0.453074
0.297956
0.481540
0.542348
0.272166
0.360338
0.450904
0.635356
1.027300
0.648563
0.597800
0.436314
0.293715
0.077946
0.776953
0.300691
0.478095
0.511526
0.676081
0.699122
0.485871
0.141026
0.183251
0.211178
0.418236
0.272389
0.291227
0.055649
0.024787
-0.045655
0.788002
0.336511
0.458342
0.634824
0.604877
1.000092
0.695989
0.307516
0.159831
-0.021630
0.037447
-0.340850
-0.310854
-0.275835
-0.058509
-0.121726
0.665420
0.173047
0.469142
0.556822
0.607512
1.108041
0.792829
0.478640
0.243076
0.004567
-0.174125
-0.775462
-0.663007
-0.437696
-0.095434
-0.167359
0.570174
0.132151
0.394762
0.534108
0.607366
0.967252
0.833147
0.517927
0.349210
0.056819
-0.026337
-0.646230
-0.601264
-0.367391
0.021337
-0.036418
0.488685
-0.012942
0.133015
0.307227
0.509552
0.611268
0.900180
0.817828
0.655265
0.418784
0.263945
-0.224898
-0.219273
-0.109761
0.373107
0.193525
0.445255
-0.157494
-0.261471
-0.176529
0.071735
0.093012
0.491613
0.846369
0.764045
0.590638
0.535361
0.099371
-0.020750
0.205259
0.621801
0.304099
0.481392
-0.182305
-0.463253
-0.298220
-0.229143
-0.106842
0.132601
0.487717
0.664437
0.633833
0.669584
0.495976
0.442266
0.377116
0.832437
0.492038
0.413256
0.268715
0.057734
0.058589
0.000114
0.228107
0.408703
0.595661
0.693099
0.687948
0.653862
0.584382
0.585099
0.588542
0.808824
0.438358
0.000000
0.000000
0.000000
0.000000
0.000000
0.000000
0.000000
0.000000
0.000000
0.000000
0.000000
0.000001
0.000000
0.000000
0.000000
0.000000
0.000000
0.000000
0.000000
0.000000
0.000000
0.000000
0.000000
0.000000
0.000000
0.000000
0.000000
0.000000
0.000000
0.000000
0.000000
0.000001
0.000000
0.000000
0.000000
0.000000
0.000001
0.000001
0.000001
0.000000
0.000000
0.000000
0.000000
0.000000
0.000000
0.000000
0.000000
0.000002
0.000000
0.000001
0.000000
0.000001
0.000001
0.000005
0.000398
0.000004
0.000001
0.000000
0.000000
0.000001
0.000000
0.000000
0.000000
0.000004
0.000002
0.000030
0.000000
0.000001
0.000000
0.000025
0.002105
0.000024
0.000001
0.000000
0.000000
0.000081
0.000008
0.000000
0.000001
0.000007
0.000059
0.024142
0.000001
0.000000
0.000000
0.000002
0.000041
0.000001
0.000003
0.000003
0.000200
0.995324
0.520424
0.000030
0.000002
0.000007
0.000239
0.178206
0.000001
0.000000
0.000000
0.000000
0.000003
0.000000
0.000000
0.000000
0.000015
0.969165
0.281779
0.000005
0.000000
0.000000
0.000122
0.086386
0.000001
0.000001
0.000000
0.000001
0.000000
0.000000
0.000000
0.000000
0.000000
0.000005
0.000001
0.000000
0.000000
0.000000
0.000012
0.000988
0.000000
0.000000
0.000000
0.000004
0.000001
0.000000
0.000000
0.000000
0.000000
0.000000
0.000000
0.000000
0.000000
0.000000
0.000001
0.000002
0.000000
0.000000
0.000000
0.000001
0.000000
0.000000
0.000000
0.000000
0.000000
0.000000
0.000000
0.000000
0.000000
0.000000
0.000000
0.000000
0.000000
0.000000
0.000000
0.000001
0.000000
0.000000
0.000000
0.000000
0.000000
0.000000
0.000000
0.000000
0.000000
0.000000
0.000000
0.000000
0.000000
0.000000
0.000000
0.000001
0.000001
0.000000
0.000000
0.000000
0.000000
0.000000
0.000000
0.000000
0.000000
0.000000
0.000000
0.000000
0.000000
0.000000
0.000000
0.000000
0.000001
0.000000
0.000000
0.000000
0.000000
0.000001
0.000000
0.000000
0.000000
0.000000
0.000000
0.000000
0.000000
0.000000
0.000000
0.000000
0.000001
0.000001
0.000001
0.000001
0.000001
0.000006
0.000000
0.000000
0.000000
0.000000
0.000000
0.000000
0.000000
0.000000
0.000000
0.000000
0.000000
0.000000
0.000000
0.000000
0.000001
0.000002
0.000000
0.000000
0.000000
0.000000
0.000000
0.000000
0.000000
0.000000
0.000001
0.000000
0.000000
0.000000
0.000000
0.000000
0.000001
0.000001
0.000000
0.000000
0.000000
0.000000
0.060717
0.036217
0.022555
0.026668
0.037766
0.038759
0.026976
0.018921
0.017921
0.022901
0.031898
0.040256
0.050872
0.051178
0.051110
0.055267
0.037141
0.011806
0.005163
0.005304
0.007734
0.009496
0.007720
0.004894
0.004254
0.006430
0.011953
0.019328
0.029357
0.029690
0.025216
0.035203
0.029534
0.007720
0.002546
0.001996
0.003215
0.006267
0.006202
0.003620
0.003508
0.005922
0.016050
0.033864
0.053068
0.047005
0.032417
0.040896
0.032970
0.008832
0.002316
0.001353
0.001657
0.006063
0.010615
0.004462
0.003064
0.010177
0.046528
0.123269
0.187503
0.118547
0.053873
0.053128
0.049041
0.016035
0.004112
0.001736
0.002399
0.015434
0.014794
0.004704
0.003048
0.012605
0.137562
0.268349
0.338814
0.199389
0.078327
0.062023
0.089612
0.034443
0.007665
0.002842
0.005892
0.018939
0.007546
0.005069
0.004320
0.014480
0.250533
0.303227
0.330705
0.190856
0.056453
0.053988
0.156516
0.058342
0.013376
0.006027
0.013227
0.038735
0.008452
0.007879
0.006695
0.023289
0.308818
0.344310
0.406496
0.157797
0.049575
0.054693
0.199075
0.057939
0.035910
0.066678
0.390185
0.447303
0.157568
0.026072
0.011480
0.029769
0.150762
0.161673
0.244060
0.122870
0.065469
0.061471
0.158519
0.042556
0.095281
0.666020
0.959376
0.955467
0.728902
0.166219
0.024974
0.045787
0.135351
0.173800
0.204067
0.127564
0.079486
0.069959
0.091673
0.033203
0.359199
0.974238
0.999056
0.998964
0.973603
0.617768
0.081829
0.066962
0.142109
0.169947
0.191156
0.125983
0.085904
0.074362
0.065164
0.040104
0.604658
0.994125
0.999817
0.999804
0.996091
0.866155
0.309280
0.098225
0.156949
0.155139
0.141920
0.113091
0.093023
0.080710
0.057936
0.045520
0.540685
0.988004
0.999431
0.999722
0.998368
0.963133
0.703783
0.273800
0.244146
0.197259
0.174969
0.152831
0.137636
0.107703
0.055431
0.040796
0.270351
0.924659
0.996357
0.999496
0.999455
0.995915
0.949112
0.771154
0.637164
0.418197
0.305312
0.257298
0.280614
0.194981
0.066377
0.045976
0.159142
0.824020
0.990593
0.999123
0.999722
0.999512
0.997483
0.985114
0.946941
0.816399
0.642651
0.521986
0.521550
0.363037
0.098189
0.085892
0.230770
0.830723
0.983105
0.997876
0.999501
0.999728
0.999504
0.998165
0.990716
0.942786
0.793829
0.661294
0.622750
0.427932
0.101141
0.107071
0.261813
0.724390
0.912753
0.971646
0.989853
0.995277
0.994587
0.988490
0.962773
0.872123
0.668182
0.504525
0.403463
0.281693
0.948444
0.973429
0.979341
0.973341
0.964856
0.966445
0.974815
0.982612
0.983225
0.977425
0.967117
0.952823
0.940391
0.940948
0.954155
0.944496
0.965777
0.988774
0.993563
0.992861
0.989715
0.988001
0.988810
0.993807
0.994315
0.991330
0.984224
0.974022
0.957378
0.956191
0.968245
0.954262
0.972289
0.991768
0.997125
0.997562
0.995365
0.992821
0.991547
0.995361
0.996112
0.992534
0.980477
0.959871
0.930088
0.935368
0.960128
0.947138
0.965540
0.990523
0.997784
0.998514
0.997831
0.992730
0.989936
0.995269
0.996246
0.986626
0.948402
0.866455
0.772314
0.842382
0.936807
0.933798
0.942221
0.981275
0.996584
0.998343
0.997595
0.985485
0.987371
0.995633
0.996805
0.981924
0.870921
0.751283
0.635558
0.755148
0.912462
0.924115
0.894499
0.962388
0.992481
0.996531
0.993210
0.981440
0.993498
0.995967
0.996248
0.973885
0.728924
0.700362
0.643579
0.712434
0.924603
0.933975
0.844090
0.944071
0.983564
0.993711
0.983417
0.976355
0.990326
0.992027
0.993443
0.972193
0.734123
0.651230
0.588514
0.725341
0.930434
0.934489
0.826744
0.943652
0.960512
0.930548
0.569867
0.539760
0.835263
0.972195
0.987319
0.964011
0.867873
0.904706
0.835981
0.865039
0.931121
0.922638
0.882967
0.963432
0.861683
0.256250
0.024132
0.029580
0.154097
0.826261
0.974729
0.955759
0.894861
0.911275
0.868037
0.885558
0.933916
0.921473
0.939969
0.974529
0.464530
0.016876
0.000636
0.000542
0.008258
0.284979
0.906113
0.943026
0.902535
0.889755
0.870996
0.886404
0.929379
0.921857
0.957746
0.967136
0.253627
0.004008
0.000157
0.000109
0.001402
0.065243
0.652484
0.909715
0.898356
0.894879
0.889289
0.893496
0.927001
0.918695
0.958928
0.961709
0.321183
0.009237
0.000470
0.000163
0.000619
0.013064
0.189107
0.676634
0.788665
0.834519
0.824163
0.847896
0.886894
0.897137
0.961928
0.968277
0.662790
0.063240
0.002708
0.000307
0.000289
0.001486
0.017327
0.127009
0.316819
0.578382
0.696723
0.781573
0.801844
0.840213
0.956716
0.972966
0.858890
0.190954
0.008451
0.000622
0.000170
0.000223
0.001019
0.006958
0.036929
0.180371
0.450810
0.622574
0.646082
0.727887
0.937203
0.948887
0.798203
0.199296
0.022079
0.002568
0.000529
0.000216
0.000304
0.001232
0.007583
0.062819
0.247481
0.437987
0.499283
0.634737
0.900690
0.901585
0.755948
0.324292
0.132081
0.042454
0.014768
0.006380
0.005975
0.011602
0.038983
0.145606
0.361608
0.497512
0.587792
0.705257
