0.693181
0.559651
0.593236
0.534867
0.539651
0.645710
0.627042
0.572681
0.554650
0.508462
0.439955
0.412756
0.663944
0.541868
0.888425
-0.011295
0.835762
0.481288
0.416984
0.597631
0.374924
0.548397
0.574398
0.517867
0.502794
0.430770
0.326628
0.311664
0.604412
0.461472
0.882818
-0.018880
0.905234
0.595245
0.367623
0.809164
0.373561
0.661731
0.776949
0.578223
0.689089
0.653683
0.506499
0.560098
0.738161
0.732507
0.969785
-0.008924
0.913632
0.655528
0.410817
0.793974
0.529968
0.780772
0.762500
0.546458
0.650102
0.715576
0.577006
0.534343
0.679180
0.824293
0.942343
0.076191
0.920227
0.577534
0.467152
0.793261
0.640224
0.779153
0.808787
0.766696
0.732960
0.780390
0.785369
0.654527
0.697265
0.872477
0.916328
0.328530
0.850037
0.365640
0.355545
0.603613
0.463505
0.571460
0.559686
0.581426
0.685959
0.865632
0.904253
0.681775
0.476650
0.766551
0.744229
0.414228
0.726068
0.201766
0.299123
0.576171
0.537831
0.547344
0.358924
0.567520
0.695466
0.817485
0.810435
0.548578
0.362658
0.661379
0.623077
0.421003
0.634263
0.136476
0.300886
0.683355
0.682752
0.579936
0.388745
0.603765
0.720289
0.838448
0.777652
0.558440
0.377452
0.615388
0.687767
0.455035
0.577653
0.130527
0.329526
0.733990
0.697683
0.483453
0.415521
0.591309
0.731565
0.859406
0.785107
0.564540
0.505969
0.600758
0.700656
0.426365
0.509264
0.130302
0.352079
0.725305
0.656940
0.451954
0.492697
0.660509
0.696203
0.822353
0.762816
0.600703
0.665063
0.584874
0.654387
0.405452
0.486886
0.147770
0.368319
0.717967
0.575281
0.480285
0.566164
0.687740
0.629606
0.686715
0.730528
0.623461
0.699142
0.613902
0.646490
0.421922
0.549218
0.130332
0.400518
0.610327
0.478031
0.458621
0.539229
0.585375
0.542809
0.450704
0.583642
0.539538
0.669899
0.577366
0.636385
0.435188
0.611767
0.090271
0.328975
0.603742
0.475296
0.502714
0.565081
0.578599
0.508167
0.461676
0.508124
0.298189
0.464352
0.453053
0.486734
0.382119
0.669122
0.101885
0.222930
0.506691
0.417385
0.465997
0.571600
0.600651
0.503688
0.618523
0.627455
0.186094
0.432896
0.486495
0.484710
0.341270
0.721265
0.143028
0.243786
0.521112
0.383431
0.422631
0.543034
0.611168
0.522554
0.689666
0.651550
0.121246
0.357716
0.472027
0.404954
0.319243
0.803636
0.257443
0.392216
0.520570
0.430254
0.447334
0.468056
0.473811
0.469243
0.614538
0.642800
0.284958
0.494404
0.523357
0.488979
0.385914
0.909319
0.782680
0.848792
0.807085
0.802248
0.807354
0.840820
0.850185
0.872036
0.857705
0.821382
0.783940
0.791270
0.846020
0.906759
0.860389
0.364858
0.156123
0.068501
0.063128
0.039125
-0.004776
-0.012386
-0.015940
-0.015779
-0.015716
-0.010483
0.002734
0.025413
0.043838
0.052960
0.308153
0.415637
0.248827
0.318426
0.146240
0.188211
0.188921
0.317603
0.241878
0.208267
0.194366
0.249842
0.241361
0.137827
0.139276
0.180957
0.435673
0.195371
0.059120
0.064485
0.036273
0.121146
0.228171
0.282820
0.258345
0.364793
0.224384
0.254076
0.180568
0.064584
0.019578
0.016324
0.094593
0.202176
0.102637
0.115913
0.300910
0.395226
0.467587
0.349972
0.330177
0.224457
0.137762
0.126682
0.191839
0.189291
0.166836
0.247150
0.410833
0.246670
0.190771
0.271527
0.479703
0.562093
0.645797
0.617879
0.509180
0.310600
0.279515
0.329628
0.366828
0.360864
0.482400
0.611267
0.559509
0.344904
0.386645
0.472248
0.637417
0.755828
0.802590
0.654282
0.505350
0.524620
0.557765
0.508915
0.426487
0.441316
0.456822
0.482588
0.484632
0.306890
0.431526
0.517739
0.661101
0.743925
0.615373
0.485071
0.473809
0.623314
0.658669
0.644508
0.531179
0.503602
0.419277
0.429416
0.471994
0.336712
0.489072
0.495691
0.615978
0.628769
0.462003
0.399219
0.424043
0.531496
0.562525
0.587660
0.445818
0.447970
0.467582
0.450291
0.441470
0.430166
0.586128
0.596939
0.725133
0.669869
0.544625
0.449371
0.485654
0.515083
0.456925
0.327833
0.302359
0.390103
0.418148
0.389982
0.419338
0.470915
0.569283
0.508377
0.619815
0.503171
0.407045
0.434274
0.511166
0.639512
0.688923
0.541665
0.498059
0.394081
0.306319
0.268805
0.351509
0.392893
0.399905
0.309407
0.436468
0.349763
0.374513
0.463429
0.602549
0.616025
0.600238
0.577186
0.601455
0.545752
0.458899
0.429209
0.460635
0.267399
0.337917
0.351257
0.556920
0.584544
0.652053
0.630413
0.621837
0.602659
0.592859
0.621298
0.633914
0.674484
0.655414
0.667753
0.550144
0.247516
0.449403
0.482204
0.682344
0.709682
0.687144
0.664604
0.708412
0.751554
0.806917
0.883738
0.830870
0.678809
0.651508
0.606289
0.566862
0.270300
0.340516
0.352900
0.515532
0.571099
0.576174
0.554256
0.497911
0.479037
0.469981
0.439945
0.399621
0.399492
0.452612
0.468526
0.476583
0.090699
0.150840
0.266610
0.385790
0.426606
0.431311
0.374485
0.261736
0.184719
0.136777
0.073962
0.131394
0.290724
0.336012
0.317445
0.375655
-0.988043
-0.161904
0.209318
0.448664
0.456853
0.319999
0.174514
0.050489
0.037413
0.008556
-0.055613
-0.092279
-0.093779
-0.183106
-0.197812
-0.531743
-1.393058
-0.561637
-0.206355
-0.106567
-0.195830
-0.362612
-0.416766
-0.573957
-0.547087
-0.550318
-0.540659
-0.576126
-0.577907
-0.719332
-0.645151
-1.022158
-1.505783
-0.859613
-0.584423
-0.692631
-0.664828
-0.790787
-0.791792
-0.714562
-0.695451
-0.783847
-0.724402
-0.750212
-1.121783
-1.318929
-0.998248
-0.917386
-1.557491
-0.797488
-0.515059
-0.638884
-0.547984
-0.700656
-0.625870
-0.528907
-0.691667
-0.600498
-0.616558
-0.674984
-0.949452
-1.008125
-0.711895
-0.844516
-1.709035
-0.910473
-0.591086
-0.311452
-0.370038
-0.387137
-0.379666
-0.516805
-0.799844
-0.974008
-0.850196
-0.581142
-0.721808
-0.713615
-0.368370
-0.724216
-1.776647
-0.816036
-0.197361
0.009960
-0.120772
-0.322308
-0.206133
-0.248419
-0.482582
-0.921376
-0.738815
-0.531693
-0.576975
-0.609072
-0.269907
-0.625099
-1.993382
-0.877194
-0.209665
-0.049264
-0.186152
-0.358909
-0.318106
-0.430084
-0.287116
-0.656913
-0.437902
-0.343616
-0.552340
-0.850188
-0.522602
-0.787632
-2.214122
-1.218157
-0.368501
-0.251541
-0.363688
-0.442317
-0.458761
-0.719499
-0.522413
-0.748059
-0.575129
-0.366751
-0.581086
-0.646990
-0.608002
-0.946517
-2.369503
-1.415357
-0.238319
-0.293034
-0.111154
-0.207795
-0.582088
-0.755176
-0.551021
-0.695473
-0.533291
-0.504126
-0.647510
-0.560179
-0.621736
-1.096414
-2.466718
-1.535697
-0.493710
-0.614869
-0.296019
-0.376891
-0.740545
-0.630769
-0.223900
-0.281412
-0.269383
-0.420121
-0.673389
-0.541363
-0.718428
-1.144095
-2.598612
-1.526586
-0.645732
-0.675345
-0.415684
-0.578562
-0.799113
-0.467692
0.046321
0.180877
0.154986
0.005163
-0.361981
-0.538963
-0.798217
-1.171008
-2.713488
-1.368351
-0.458766
-0.132087
-0.093168
-0.405404
-0.576240
-0.213041
0.107380
0.335515
0.460528
0.437907
0.182480
-0.211424
-0.664710
-1.102510
-2.624084
-1.324414
-0.074736
0.392245
0.320438
0.042699
0.050946
0.227392
0.331815
0.412002
0.560495
0.680897
0.479681
0.132280
-0.330933
-1.010193
-2.363101
-1.176043
0.155597
0.637831
0.468901
0.264318
0.410334
0.641830
0.782698
0.949074
0.922516
0.989555
0.572963
0.156195
-0.334394
-0.942610
-2.168529
-1.004438
0.092179
0.476173
0.435963
0.310374
0.556404
0.921133
1.031497
1.143633
0.951815
0.980492
0.762514
0.159645
-0.298769
-0.836681
-1.538020
-0.721715
0.007373
0.233844
0.260712
0.227622
0.321262
0.486466
0.598571
0.771904
0.862642
0.757453
0.326748
-0.044851
-0.331327
-0.581091
-0.580702
-0.971750
-1.385696
-1.640002
-2.043143
-2.305534
-2.296988
-2.274400
-2.214590
-2.152430
-2.035987
-1.884474
-1.770773
-1.549289
-1.333728
-0.856292
-0.181578
-0.642080
-1.021637
-1.165251
-1.169373
-1.469156
-1.433557
-1.496947
-1.528401
-1.542934
-1.454881
-1.306688
-1.111872
-0.792402
-0.582718
-0.036759
-0.128600
-0.516548
-0.772262
-0.964592
-0.644296
-0.778589
-0.446716
-0.669877
-0.790086
-0.951700
-1.069412
-0.977066
-0.718990
-0.374936
-0.210390
-0.089328
-0.069943
-0.562379
-0.855637
-0.903004
-0.494511
-0.805802
-0.413757
-0.547112
-0.388811
-0.775789
-0.769764
-0.670159
-0.639418
-0.407241
-0.278510
-0.348877
0.056290
-0.426531
-1.017632
-1.175371
-0.758947
-0.743934
-0.221465
-0.091873
0.058336
-0.331525
-0.516240
-0.458225
-0.668562
-0.817567
-0.678850
-0.490791
0.204559
-0.306204
-1.010993
-0.623849
-0.140322
-0.017303
0.090501
-0.051289
-0.061065
-0.621346
-0.879576
-0.544195
-0.608148
-0.652053
-0.337825
-0.263933
0.345553
-0.136544
-0.388183
-0.105640
0.184344
0.143609
0.158140
0.123926
-0.096827
-0.434262
-0.535325
-0.009446
-0.012535
-0.203265
-0.135734
-0.014806
0.434719
0.138923
-0.072467
-0.093264
0.039282
-0.023338
0.071785
0.080063
-0.025340
-0.279539
-0.256609
-0.023134
0.126729
-0.180766
-0.129592
0.042119
0.475640
0.269288
-0.184891
-0.106967
0.156563
0.254178
0.412872
0.328035
0.116635
-0.197161
-0.192572
-0.086234
0.010766
-0.144517
-0.284748
-0.086910
0.336170
0.085383
-0.515318
-0.211304
0.069149
0.265090
0.385858
0.282253
0.205872
-0.145479
-0.168999
-0.026135
0.009463
-0.065544
-0.256071
-0.194913
0.208163
-0.145817
-0.708758
-0.434889
-0.079546
0.062649
0.096843
0.143115
0.132937
-0.072422
-0.082623
-0.073974
0.077901
0.161415
-0.048393
0.074070
0.100837
-0.300890
-0.744482
-0.250668
0.067785
0.148424
0.216125
0.163205
0.177657
0.064048
0.162581
-0.056231
0.000136
0.245950
0.252450
0.358945
0.077235
-0.330263
-0.564526
-0.011719
0.090435
0.131144
0.163699
0.072715
0.014242
0.002274
0.084175
-0.119066
-0.109823
0.065484
0.118501
0.265163
-0.011507
-0.363558
-0.503563
-0.019033
0.028863
0.016934
0.005230
-0.008666
-0.015021
0.032915
0.130562
-0.003437
-0.176077
-0.120105
-0.063236
0.164922
-0.034912
-0.526469
-0.537674
-0.372843
-0.341874
-0.216084
-0.188589
-0.273016
-0.324529
-0.181787
-0.110739
-0.089553
-0.195710
-0.272864
-0.264700
-0.027656
-0.243320
-0.523978
-0.775297
-0.841110
-0.882262
-0.760038
-0.664497
-0.548370
-0.513791
-0.560225
-0.377949
-0.586782
-0.780888
-0.743742
-0.733805
-0.316507
0.000002
0.000000
0.000000
0.000000
0.000000
0.000000
0.000000
0.000000
0.000002
0.000004
0.000003
0.000000
0.000000
0.000000
0.000000
0.000000
0.000000
0.000000
0.000000
0.000000
0.000000
0.000000
0.000000
0.000000
0.000000
0.000000
0.000000
0.000000
0.000000
0.000000
0.000000
0.000000
0.000000
0.000000
0.000000
0.000000
0.000000
0.000000
0.000000
0.000000
0.000000
0.000000
0.000000
0.000000
0.000000
0.000000
0.000000
0.000000
0.000000
0.000000
0.000000
0.000000
0.000000
0.000000
0.000005
0.000000
0.000000
0.000000
0.000000
0.000000
0.000000
0.000000
0.000000
0.000000
0.000000
0.000000
0.000000
0.000000
0.000000
0.000000
0.000000
0.000000
0.000001
0.000000
0.000000
0.000000
0.000000
0.000000
0.000000
0.000000
0.000000
0.000000
0.000000
0.000000
0.000001
0.000002
0.000007
0.000002
0.000000
0.000000
0.000000
0.000000
0.000000
0.000000
0.000001
0.000003
0.000000
0.000000
0.000000
0.000000
0.000001
0.000008
0.000017
0.000007
0.000002
0.000000
0.000000
0.000000
0.000000
0.000001
0.000003
0.000003
0.000000
0.000000
0.000000
0.000000
0.000001
0.000005
0.000004
0.000008
0.000005
0.000000
0.000000
0.000002
0.000001
0.000003
0.000002
0.000002
0.000000
0.000000
0.000000
0.000000
0.000004
0.000007
0.000005
0.000005
0.000007
0.000000
0.000000
0.000001
0.000000
0.000001
0.000001
0.000001
0.000000
0.000000
0.000000
0.000000
0.000002
0.000003
0.000004
0.000009
0.000010
0.000000
0.000001
0.000000
0.000001
0.000003
0.000001
0.000001
0.000000
0.000000
0.000000
0.000000
0.000002
0.000002
0.000006
0.000025
0.000024
0.000003
0.000003
0.000001
0.000002
0.000005
0.000004
0.000005
0.000000
0.000000
0.000000
0.000000
0.000003
0.000002
0.000004
0.000018
0.000022
0.000014
0.000025
0.000029
0.000018
0.000013
0.000004
0.000018
0.000000
0.000000
0.000000
0.000012
0.000012
0.000004
0.000008
0.000048
0.000104
0.000078
0.000061
0.000042
0.000029
0.000028
0.000008
0.000019
0.000000
0.000000
0.000000
0.000024
0.000009
0.000008
0.000030
0.000413
0.000992
0.001211
0.021849
0.001981
0.000045
0.000020
0.000012
0.000015
0.000000
0.000000
0.000001
0.000061
0.000021
0.000013
0.000071
0.001934
0.012406
0.073503
0.872374
0.238342
0.000090
0.000030
0.000015
0.000012
0.000001
0.000001
0.000003
0.000060
0.000047
0.000026
0.000040
0.000043
0.000033
0.000040
0.000372
0.000067
0.000011
0.000009
0.000005
0.000007
0.038786
0.026550
0.016825
0.027117
0.031392
0.020213
0.015362
0.011867
0.013342
0.021498
0.044136
0.102203
0.075854
0.023219
0.031066
0.235895
0.016209
0.024631
0.020486
0.067617
0.186061
0.163265
0.168541
0.143490
0.104680
0.148839
0.252122
0.340179
0.146033
0.042505
0.103548
0.182362
0.005318
0.033336
0.044125
0.285173
0.522235
0.519848
0.704498
0.587137
0.263102
0.317491
0.645919
0.799196
0.408925
0.121752
0.252624
0.179623
0.005511
0.096772
0.233567
0.828471
0.931929
0.954295
0.983064
0.971806
0.836906
0.872797
0.977696
0.993752
0.948136
0.495564
0.409225
0.221820
0.005338
0.082148
0.221740
0.860114
0.887656
0.903807
0.974612
0.984638
0.943205
0.987120
0.999338
0.999774
0.991899
0.554216
0.221566
0.101168
0.007032
0.063300
0.079670
0.451418
0.563192
0.714212
0.913223
0.939288
0.921170
0.993966
0.999844
0.999902
0.992647
0.382572
0.064058
0.038110
0.010199
0.050358
0.021870
0.383016
0.914467
0.985339
0.968545
0.768575
0.670626
0.984482
0.999575
0.999569
0.977014
0.280183
0.031719
0.028128
0.016030
0.058823
0.027126
0.797148
0.996402
0.999074
0.987316
0.525892
0.400991
0.985153
0.999644
0.999445
0.975882
0.392186
0.066280
0.046671
0.017885
0.068120
0.080474
0.943741
0.998672
0.998466
0.945810
0.235502
0.321420
0.992446
0.999806
0.999672
0.988959
0.758322
0.219027
0.080238
0.017055
0.090997
0.468825
0.993592
0.999438
0.996188
0.820212
0.123017
0.221541
0.976958
0.999312
0.999231
0.994280
0.923198
0.433216
0.115494
0.019471
0.207525
0.919649
0.999035
0.999708
0.995342
0.773067
0.114731
0.061361
0.635869
0.951251
0.978536
0.986151
0.958005
0.559209
0.157711
0.028826
0.311775
0.895741
0.994956
0.994962
0.929738
0.416833
0.050716
0.013782
0.035760
0.189002
0.481784
0.802551
0.788286
0.328710
0.108034
0.036972
0.204214
0.337685
0.592192
0.432337
0.118772
0.021340
0.006409
0.004352
0.006203
0.010221
0.020217
0.060099
0.073528
0.026714
0.027083
0.043483
0.108557
0.021047
0.009152
0.003884
0.001244
0.000880
0.000892
0.000997
0.002333
0.004885
0.005079
0.002592
0.002386
0.002538
0.010611
0.100241
0.092481
0.009098
0.002504
0.000976
0.000576
0.000632
0.000768
0.001047
0.003595
0.008130
0.006567
0.001621
0.001321
0.002298
0.012769
0.143955
0.102634
0.025489
0.012131
0.006570
0.004900
0.005168
0.005460
0.007370
0.012716
0.016408
0.015377
0.012682
0.012294
0.019628
0.040315
0.957899
0.969956
0.983354
0.971318
0.965301
0.977503
0.981657
0.986489
0.986227
0.978221
0.955266
0.898227
0.923190
0.970212
0.963169
0.779674
0.960785
0.924496
0.963175
0.880506
0.723369
0.789196
0.760726
0.780279
0.827680
0.739877
0.573914
0.461960
0.721408
0.839118
0.757558
0.645313
0.982315
0.933224
0.917243
0.584177
0.354772
0.416036
0.246081
0.339209
0.636232
0.582492
0.283973
0.153160
0.378836
0.704739
0.580390
0.696517
0.969601
0.737911
0.525890
0.068752
0.052006
0.036375
0.016287
0.020032
0.090735
0.069359
0.011923
0.003290
0.018303
0.207683
0.332837
0.702208
0.972982
0.870404
0.712315
0.138295
0.102296
0.079057
0.024079
0.009893
0.028292
0.005474
0.000420
0.000188
0.005349
0.385464
0.760690
0.907448
0.978543
0.941276
0.909350
0.471118
0.350675
0.241150
0.083228
0.046217
0.058526
0.003713
0.000145
0.000108
0.007605
0.547104
0.919567
0.964663
0.978288
0.963161
0.978990
0.602087
0.075575
0.016360
0.029139
0.204528
0.299715
0.012101
0.000383
0.000338
0.018605
0.631062
0.961203
0.969529
0.967300
0.960913
0.974953
0.172719
0.002624
0.000699
0.008089
0.371406
0.558796
0.013550
0.000336
0.000491
0.021336
0.557552
0.929683
0.956046
0.964452
0.952957
0.910918
0.054266
0.001330
0.001087
0.031194
0.648194
0.613036
0.007332
0.000145
0.000259
0.008278
0.229753
0.805254
0.930993
0.967612
0.922770
0.555418
0.007422
0.000556
0.002615
0.131264
0.836706
0.752907
0.023852
0.000621
0.000743
0.004483
0.064409
0.593128
0.915960
0.963533
0.809475
0.105910
0.000818
0.000233
0.003143
0.173610
0.869788
0.940217
0.389111
0.058557
0.023438
0.013430
0.041007
0.404968
0.875963
0.941776
0.681183
0.150174
0.004719
0.004443
0.048480
0.526507
0.951959
0.987253
0.961203
0.816694
0.561119
0.204224
0.218356
0.661987
0.910954
0.925900
0.827118
0.774421
0.439592
0.569137
0.889355
0.978867
0.993589
0.995803
0.994123
0.990089
0.981193
0.944164
0.930967
0.975857
0.977429
0.914929
0.916396
0.984489
0.989076
0.996157
0.998733
0.999096
0.999069
0.998972
0.997809
0.995054
0.995663
0.997465
0.997531
0.997820
0.991650
0.823129
0.922977
0.993992
0.997256
0.998995
0.999446
0.999315
0.999074
0.998610
0.995790
0.991019
0.993343
0.998080
0.998309
0.997856
0.989726
0.785221
0.911294
0.975995
0.988908
0.994337
0.995806
0.995212
0.994241
0.992305
0.987041
0.983955
0.987237
0.988115
0.987720
0.983050
0.965288
0.959762
0.727407
0.721603
0.657236
0.662553
0.783038
0.790335
0.753155
0.733121
0.684387
0.620972
0.645597
0.905563
0.923997
0.923735
-0.018070
1.012267
0.810599
0.496258
0.566712
0.314977
0.455885
0.627111
0.643567
0.664670
0.666663
0.657975
0.699691
0.930133
0.930475
0.948170
-0.023125
1.021428
0.793269
0.283970
0.510125
0.144906
0.454701
0.744168
0.631548
0.744576
0.812158
0.792928
0.816750
0.913834
0.908794
0.912642
-0.021459
1.021419
0.718710
0.115458
0.318203
0.224529
0.522932
0.698713
0.607190
0.748733
0.865070
0.804733
0.627026
0.567186
0.667554
0.717469
0.000427
1.018054
0.419786
0.111239
0.459879
0.387205
0.630657
0.732090
0.756683
0.745742
0.865107
0.866207
0.530298
0.227127
0.513991
0.700444
0.131496
1.000435
0.159728
0.133983
0.454947
0.429747
0.603605
0.544405
0.573282
0.717069
0.897814
0.903317
0.409204
0.097201
0.377893
0.510429
0.316406
0.961316
0.093816
0.210804
0.708950
0.739729
0.645531
0.365570
0.485645
0.720763
0.909855
0.878866
0.384150
0.090931
0.342077
0.454880
0.372388
0.918812
0.080587
0.312312
0.817209
0.808262
0.547009
0.224418
0.424972
0.757595
0.937127
0.874773
0.417722
0.133472
0.311778
0.437535
0.334848
0.879547
0.100010
0.466399
0.855657
0.777200
0.360536
0.177929
0.385310
0.743169
0.944961
0.856621
0.416684
0.232162
0.270226
0.416721
0.247880
0.866154
0.127547
0.583472
0.885778
0.706637
0.317513
0.250215
0.491887
0.684466
0.888825
0.836980
0.473035
0.418375
0.319700
0.369913
0.209680
0.903965
0.175223
0.600828
0.830914
0.508073
0.236689
0.311065
0.553226
0.601888
0.737118
0.756414
0.565574
0.560627
0.406685
0.375283
0.197360
0.938575
0.140796
0.448935
0.652298
0.391309
0.296198
0.331820
0.506013
0.516460
0.482167
0.596486
0.516073
0.635219
0.447336
0.405751
0.241273
0.945628
0.102015
0.287203
0.582472
0.391738
0.366898
0.486104
0.560321
0.494052
0.503777
0.548260
0.311875
0.437605
0.401736
0.366050
0.318167
0.945609
0.108033
0.201966
0.493135
0.368611
0.403848
0.552582
0.596725
0.495451
0.659636
0.612435
0.170658
0.339312
0.416448
0.378149
0.345294
0.925072
0.169953
0.193327
0.483354
0.321012
0.384272
0.552975
0.605283
0.511666
0.698646
0.632812
0.127608
0.301453
0.417879
0.332800
0.344151
0.819879
0.196276
0.264165
0.433797
0.351537
0.401192
0.453547
0.451341
0.424745
0.531188
0.534745
0.205816
0.418383
0.453364
0.391608
0.368676
0.951978
0.958679
0.993558
0.998489
0.995106
0.991850
0.990872
0.989160
0.993241
0.991322
0.983978
0.975115
0.982801
0.996867
1.002182
0.990083
0.670617
0.490865
0.598548
0.434116
0.390661
0.172153
0.101959
0.070554
0.071575
0.079564
0.138688
0.246489
0.303621
0.338899
0.375311
0.593288
0.524882
0.254799
0.494465
0.307376
0.242831
0.268557
0.390208
0.389659
0.413818
0.468729
0.608448
0.566160
0.300186
0.175337
0.140064
0.209739
0.274134
0.034612
0.109459
0.035750
0.042610
0.100336
0.213700
0.265192
0.449070
0.405927
0.458757
0.346732
0.088609
0.000805
-0.011321
0.004090
0.217359
0.022702
0.044323
0.061514
0.151884
0.350903
0.369689
0.277055
0.224971
0.164002
0.191293
0.177120
0.085621
0.010300
0.012245
0.094443
0.227696
0.032500
0.097181
0.261401
0.521621
0.667909
0.584728
0.426865
0.287777
0.273032
0.366197
0.336376
0.275451
0.196293
0.285657
0.417997
0.322216
0.139358
0.303380
0.590076
0.736092
0.765152
0.605201
0.412232
0.404362
0.562595
0.615283
0.501988
0.479053
0.394485
0.431404
0.500708
0.325292
0.254908
0.479017
0.634755
0.699582
0.587295
0.536957
0.521921
0.550452
0.662752
0.719344
0.561706
0.589173
0.493369
0.475161
0.503208
0.369446
0.351818
0.524480
0.622235
0.627241
0.482400
0.467166
0.484613
0.498926
0.576197
0.604322
0.504348
0.597492
0.623726
0.555323
0.507259
0.490048
0.530034
0.642551
0.696782
0.612377
0.475416
0.440373
0.441277
0.432776
0.426663
0.397972
0.392735
0.480547
0.549452
0.532648
0.521051
0.558178
0.588055
0.666919
0.643246
0.480879
0.451235
0.460177
0.462214
0.537502
0.530917
0.501210
0.480141
0.412763
0.361755
0.341337
0.455886
0.488598
0.488730
0.547024
0.482298
0.451080
0.484069
0.518827
0.593766
0.598086
0.551924
0.500523
0.497035
0.416596
0.387514
0.464205
0.492070
0.379402
0.383571
0.525712
0.521628
0.576016
0.641931
0.644961
0.636786
0.603541
0.574435
0.587956
0.565487
0.551486
0.578912
0.608366
0.567296
0.356678
0.409723
0.607110
0.603917
0.693422
0.703020
0.701807
0.752038
0.787418
0.824866
0.878883
0.845385
0.719518
0.660071
0.622108
0.597843
0.340328
0.333849
0.404182
0.443214
0.526666
0.557431
0.545505
0.503679
0.491822
0.442549
0.439623
0.373127
0.364223
0.416470
0.456620
0.481834
0.127244
0.221378
0.383751
0.465812
0.525183
0.524011
0.451544
0.325001
0.234827
0.139398
0.092655
0.165293
0.355942
0.445327
0.494301
0.490699
-0.912259
-0.030583
-0.204429
0.336764
0.345024
0.331206
0.202084
0.141211
0.092651
0.026840
-0.042886
-0.060404
-0.041455
-0.199783
-0.585953
-1.124974
-1.487285
-0.391871
-0.739274
-0.116987
-0.294403
-0.333819
-0.292011
-0.382575
-0.444397
-0.472752
-0.525359
-0.674673
-0.661758
-1.083420
-1.186235
-1.823163
-1.939067
-0.537381
-1.167069
-0.774237
-0.874928
-0.770609
-0.868415
-0.747919
-0.769798
-0.757575
-0.701047
-0.858545
-1.069988
-1.519259
-1.171808
-1.718791
-2.008199
-0.716528
-1.135408
-0.709853
-0.763367
-0.550706
-0.628010
-0.390637
-0.680478
-0.500413
-0.612399
-0.779814
-0.948084
-1.336895
-0.918224
-1.362069
-2.199474
-0.848385
-0.904769
-0.377134
-0.373139
-0.201831
-0.238417
-0.178839
-0.771058
-0.547405
-0.586311
-0.874006
-0.994935
-1.109601
-0.352625
-0.838411
-2.157474
-0.879273
-0.499557
0.164694
0.119753
0.052686
-0.019669
0.132645
-0.035556
-0.044955
-0.336336
-0.845697
-0.899464
-0.883324
-0.199720
-0.546304
-2.234620
-1.062084
-0.445917
0.283684
0.298773
-0.047682
-0.162371
-0.250583
0.013864
0.172911
-0.013345
-0.594116
-0.763483
-0.838515
-0.478634
-0.583453
-2.319286
-1.200951
-0.543994
0.287207
0.287461
-0.255669
-0.567383
-0.516478
-0.034959
0.250261
0.102310
-0.452241
-0.755167
-0.862649
-0.723161
-0.753202
-2.446319
-1.344540
-0.491256
0.178399
0.127530
-0.326200
-0.706446
-0.586859
0.081881
0.348394
0.175392
-0.375707
-0.790184
-0.834983
-0.910234
-0.968697
-2.536904
-1.314576
-0.558088
0.067581
0.007590
-0.408115
-0.787139
-0.482623
0.087679
0.437820
0.261411
-0.175619
-0.629912
-0.710163
-0.910871
-1.174834
-2.595587
-1.197821
-0.525299
0.103415
-0.153148
-0.512154
-0.681644
-0.271845
0.026152
0.411934
0.371060
0.268007
-0.018797
-0.437365
-0.839746
-1.214579
-2.672997
-1.162333
-0.624835
0.126296
-0.010008
-0.166256
-0.197402
0.042693
0.090976
0.338135
0.577967
0.561703
0.312586
-0.122222
-0.534514
-1.019762
-2.585618
-1.255172
-0.569283
0.315608
0.345645
0.206431
0.185601
0.193337
0.211735
0.285755
0.409862
0.454534
0.396831
0.067386
-0.316105
-0.802177
-2.189873
-1.175639
-0.577542
0.376701
0.386831
0.263039
0.289125
0.353225
0.439574
0.597418
0.530186
0.592841
0.451500
0.031498
-0.355597
-0.688784
-1.862419
-0.892359
-0.535519
0.082257
0.125976
0.116969
0.268944
0.425146
0.556764
0.748939
0.614073
0.674652
0.519606
-0.001285
-0.371563
-0.647743
-1.150070
-0.540927
-0.325034
0.041865
0.100038
0.062179
0.159858
0.294401
0.403185
0.526674
0.631510
0.578664
0.276321
-0.017143
-0.236188
-0.490178
0.019042
-0.839355
-1.167822
-1.499284
-1.792679
-2.037724
-2.226404
-2.365404
-2.382583
-2.295360
-2.083990
-1.544206
-1.213299
-0.640958
-1.125696
-0.886122
0.538516
-0.609685
-0.857143
-1.085091
-1.160374
-1.220554
-1.294060
-1.445993
-1.615874
-1.618735
-1.374647
-0.953481
-0.714102
-0.375304
-0.670095
-0.234967
1.195724
-0.467668
-0.227976
-0.564376
-0.600957
-0.522099
-0.262394
-0.490226
-0.500989
-0.640134
-0.545606
-0.380035
-0.386886
-0.153201
-0.040286
0.191669
1.158517
-0.193049
0.150554
0.165029
0.189525
-0.043784
-0.136049
-0.158377
-0.028762
-0.319550
-0.459677
-0.303938
-0.164597
0.052868
0.221924
0.284489
1.207311
0.257286
0.383967
0.229691
0.251654
0.133713
0.373788
0.360004
0.297738
0.276805
-0.055982
0.076555
0.130813
0.508777
0.306837
0.120346
1.121109
0.238388
0.225878
0.054187
0.142820
0.058364
0.104154
0.097612
0.319207
0.333719
0.057884
0.112119
0.094743
0.343722
-0.057556
-0.313842
1.160383
0.473746
0.342947
-0.137906
0.024678
-0.266308
-0.152703
0.014953
0.366654
0.310338
0.144953
0.213135
0.201525
0.050822
-0.318690
-0.341136
1.300339
0.677927
0.401268
-0.041686
-0.025874
-0.170104
-0.075701
0.129580
0.229823
0.169104
0.028030
-0.071752
-0.092350
-0.195450
-0.327986
-0.206740
1.417086
0.765774
0.391940
0.052064
0.015063
0.123907
0.229217
0.365015
0.284383
0.308163
-0.043541
-0.175176
-0.203806
-0.218156
-0.281284
-0.068378
1.395990
0.702674
0.402538
0.032274
-0.035502
0.007337
0.196592
0.292920
0.250249
0.369351
0.079756
0.125273
-0.053301
-0.238038
-0.257013
-0.005491
1.362617
0.535537
0.363502
-0.016163
-0.069655
0.048518
0.170707
0.075165
-0.070865
0.058500
0.099468
0.121815
0.116224
0.039509
-0.021628
0.095816
1.233825
0.458598
0.349346
0.226899
0.234719
0.256892
0.271230
-0.065339
-0.268150
-0.291784
-0.083123
-0.079952
0.043249
0.168349
0.223917
0.223253
1.095600
0.320500
0.215217
0.171730
0.179709
0.130412
-0.106517
-0.318018
-0.436724
-0.519784
-0.459285
-0.533602
-0.397592
-0.178644
-0.075926
-0.052700
0.963313
0.112342
-0.128470
-0.402969
-0.450577
-0.517716
-0.544374
-0.628053
-0.680410
-0.659209
-0.656274
-0.716619
-0.815251
-0.666186
-0.533730
-0.227528
0.663626
-0.149794
-0.524367
-0.860080
-0.865224
-0.786778
-0.799471
-0.922207
-1.098249
-1.057748
-0.920079
-0.923637
-0.904575
-0.871931
-0.754871
-0.320782
0.189252
-0.162280
-0.469709
-0.853364
-1.005331
-0.903712
-0.839963
-0.773271
-0.807204
-0.849003
-0.893381
-0.928670
-0.891295
-0.782255
-0.577789
-0.410352
0.000002
0.000000
0.000000
0.000000
0.000000
0.000000
0.000000
0.000000
0.000000
0.000000
0.000000
0.000000
0.000000
0.000000
0.000000
0.000000
0.000001
0.000000
0.000000
0.000000
0.000000
0.000000
0.000000
0.000000
0.000000
0.000000
0.000000
0.000000
0.000000
0.000000
0.000000
0.000000
0.000000
0.000000
0.000000
0.000000
0.000000
0.000000
0.000000
0.000000
0.000000
0.000000
0.000000
0.000000
0.000000
0.000000
0.000000
0.000000
0.000000
0.000000
0.000000
0.000000
0.000000
0.000000
0.000013
0.000001
0.000006
0.000000
0.000000
0.000000
0.000000
0.000000
0.000000
0.000000
0.000000
0.000000
0.000000
0.000000
0.000000
0.000000
0.000000
0.000000
0.000015
0.000000
0.000000
0.000000
0.000000
0.000000
0.000000
0.000000
0.000000
0.000000
0.000000
0.000000
0.000001
0.000001
0.000010
0.000002
0.000001
0.000000
0.000000
0.000000
0.000000
0.000000
0.000000
0.000000
0.000000
0.000000
0.000000
0.000000
0.000001
0.000008
0.000010
0.000003
0.000002
0.000000
0.000000
0.000001
0.000000
0.000000
0.000001
0.000000
0.000000
0.000000
0.000000
0.000000
0.000001
0.000003
0.000001
0.000001
0.000002
0.000000
0.000000
0.000003
0.000001
0.000001
0.000001
0.000000
0.000000
0.000000
0.000000
0.000000
0.000007
0.000009
0.000003
0.000004
0.000006
0.000000
0.000001
0.000001
0.000000
0.000000
0.000000
0.000000
0.000000
0.000000
0.000000
0.000000
0.000005
0.000003
0.000002
0.000008
0.000010
0.000000
0.000000
0.000000
0.000001
0.000002
0.000000
0.000000
0.000000
0.000000
0.000000
0.000000
0.000001
0.000000
0.000001
0.000011
0.000012
0.000001
0.000001
0.000001
0.000001
0.000003
0.000001
0.000000
0.000000
0.000000
0.000000
0.000000
0.000001
0.000001
0.000002
0.000017
0.000015
0.000009
0.000022
0.000018
0.000006
0.000004
0.000002
0.000003
0.000000
0.000000
0.000000
0.000005
0.000008
0.000004
0.000014
0.000065
0.000084
0.000047
0.000045
0.000021
0.000009
0.000015
0.000006
0.000003
0.000000
0.000000
0.000000
0.000024
0.000010
0.000006
0.000029
0.000439
0.001037
0.001800
0.022172
0.001960
0.000022
0.000015
0.000006
0.000002
0.000000
0.000000
0.000000
0.000036
0.000013
0.000006
0.000041
0.001566
0.011229
0.089796
0.882451
0.291249
0.000105
0.000019
0.000004
0.000001
0.000000
0.000000
0.000000
0.000005
0.000003
0.000002
0.000004
0.000010
0.000010
0.000015
0.000177
0.000023
0.000001
0.000001
0.000000
0.000001
0.099411
0.134118
0.096277
0.136078
0.227733
0.221651
0.190220
0.159866
0.153073
0.194891
0.278414
0.459757
0.467192
0.335646
0.215415
0.437442
0.178804
0.535815
0.457011
0.622675
0.829270
0.834923
0.807078
0.773837
0.693327
0.774399
0.876119
0.946843
0.944168
0.916072
0.833714
0.712135
0.116993
0.597530
0.702458
0.922581
0.951566
0.959577
0.959205
0.937987
0.857591
0.902882
0.974951
0.991733
0.987681
0.962782
0.934202
0.752350
0.132201
0.777161
0.947758
0.991242
0.992033
0.993335
0.992237
0.993240
0.981246
0.993026
0.998552
0.999556
0.998570
0.979555
0.921980
0.668121
0.064783
0.494733
0.845098
0.959987
0.956702
0.970802
0.984558
0.994510
0.993037
0.999277
0.999925
0.999949
0.999429
0.935976
0.499837
0.178642
0.033934
0.214693
0.432362
0.721780
0.811419
0.879689
0.937711
0.963282
0.976634
0.999167
0.999953
0.999951
0.998885
0.861130
0.166842
0.040437
0.024938
0.104276
0.111504
0.612770
0.925236
0.965849
0.947061
0.907792
0.913235
0.997207
0.999845
0.999822
0.996774
0.757556
0.080399
0.030786
0.028706
0.091140
0.112596
0.877618
0.993580
0.997035
0.987027
0.845856
0.832642
0.996190
0.999835
0.999724
0.995229
0.791242
0.174949
0.049343
0.030056
0.111685
0.322169
0.974022
0.997930
0.998281
0.982048
0.684277
0.757594
0.997127
0.999879
0.999854
0.997930
0.933743
0.474840
0.110295
0.032621
0.219066
0.814167
0.995900
0.999127
0.997810
0.957831
0.439040
0.532423
0.990698
0.999490
0.999735
0.998695
0.981722
0.752434
0.214318
0.041421
0.515356
0.975986
0.999092
0.999584
0.997166
0.909144
0.250176
0.120554
0.749428
0.963615
0.989862
0.993994
0.980749
0.823630
0.268605
0.066033
0.654984
0.970903
0.995144
0.994164
0.958097
0.574960
0.065334
0.015969
0.050003
0.249536
0.591178
0.815844
0.811369
0.534616
0.126444
0.079808
0.377965
0.573275
0.660649
0.526898
0.218104
0.035251
0.007325
0.004305
0.005582
0.010193
0.025957
0.081853
0.110981
0.050381
0.030824
0.083200
0.158606
0.044447
0.017212
0.007541
0.002743
0.001438
0.001203
0.001494
0.002736
0.004998
0.006388
0.005264
0.004720
0.004755
0.011965
0.154811
0.146843
0.018203
0.004058
0.001705
0.000983
0.000990
0.001245
0.001857
0.004877
0.009181
0.007777
0.002817
0.002421
0.003728
0.011313
0.149482
0.110765
0.028824
0.010466
0.005736
0.004226
0.004210
0.004388
0.005445
0.009006
0.009663
0.011159
0.010478
0.010079
0.014527
0.026397
0.844842
0.866704
0.894020
0.808082
0.689051
0.677599
0.703186
0.750996
0.760370
0.716474
0.596112
0.418125
0.525543
0.634822
0.844082
0.592787
0.892116
0.769499
0.806056
0.617256
0.365804
0.287217
0.317439
0.400577
0.475293
0.392788
0.217663
0.096678
0.179718
0.305714
0.570340
0.515359
0.947837
0.815395
0.548381
0.220237
0.089270
0.077628
0.081985
0.117617
0.246894
0.183380
0.050745
0.016895
0.054226
0.169748
0.324897
0.433092
0.942492
0.658515
0.180635
0.027008
0.021092
0.013073
0.011728
0.011427
0.026657
0.013951
0.002591
0.000844
0.003178
0.064856
0.213122
0.428561
0.965681
0.723298
0.261186
0.051451
0.041087
0.027896
0.015756
0.008337
0.011584
0.001580
0.000197
0.000100
0.001078
0.073437
0.499353
0.774729
0.977715
0.864073
0.545861
0.269826
0.203312
0.149899
0.079148
0.040100
0.025614
0.001320
0.000091
0.000080
0.001483
0.156624
0.818329
0.942812
0.975141
0.921846
0.853289
0.445331
0.107275
0.034242
0.045977
0.135388
0.090840
0.003750
0.000250
0.000291
0.004025
0.230274
0.907969
0.965559
0.960229
0.911578
0.871799
0.141636
0.007681
0.002428
0.012369
0.167864
0.185466
0.005695
0.000377
0.000423
0.006317
0.212533
0.817932
0.941882
0.946786
0.887790
0.650461
0.040509
0.003087
0.002388
0.024239
0.310300
0.248114
0.004232
0.000303
0.000244
0.002939
0.074278
0.512367
0.875551
0.942506
0.811469
0.223920
0.007566
0.001405
0.003082
0.059750
0.576995
0.478702
0.014166
0.001090
0.000553
0.002081
0.027729
0.287824
0.767548
0.934453
0.548397
0.030980
0.001357
0.000633
0.003433
0.100915
0.758510
0.885822
0.246548
0.048083
0.015377
0.010770
0.030576
0.222712
0.669027
0.904582
0.405279
0.028505
0.006923
0.007791
0.038575
0.378677
0.924339
0.982121
0.942287
0.728014
0.382971
0.175952
0.215511
0.512704
0.826134
0.889590
0.642817
0.354111
0.354921
0.459276
0.763215
0.958999
0.990911
0.994808
0.992679
0.987266
0.967974
0.905510
0.893338
0.955176
0.959238
0.888831
0.852198
0.929712
0.984118
0.991701
0.996548
0.998021
0.998468
0.998403
0.996879
0.994531
0.993174
0.994549
0.994813
0.994943
0.984448
0.818042
0.862050
0.973155
0.995998
0.998213
0.998826
0.998753
0.998640
0.998093
0.995048
0.990664
0.992396
0.996753
0.996998
0.995718
0.984337
0.783493
0.857237
0.956498
0.987352
0.992702
0.994116
0.994260
0.994189
0.993469
0.990841
0.989849
0.988522
0.987489
0.985391
0.977941
0.955942
0.902086
0.643162
0.638305
0.428088
0.482297
0.613527
0.693374
0.709356
0.727467
0.678645
0.611866
0.591969
0.818601
0.843690
0.634178
-0.013433
0.993972
0.621865
0.401564
0.195403
0.171082
0.336348
0.524253
0.558784
0.565862
0.502398
0.481608
0.485432
0.818800
0.837674
0.436156
-0.023977
1.012354
0.543294
0.226658
0.120558
0.074900
0.273190
0.541893
0.493762
0.608841
0.648979
0.684586
0.588323
0.793535
0.808421
0.320424
-0.023851
1.013054
0.485253
0.077722
0.056705
0.064809
0.298437
0.565986
0.518295
0.649976
0.738769
0.730787
0.339555
0.339618
0.495545
0.213312
-0.017089
1.003283
0.236743
0.059235
0.076125
0.126578
0.452121
0.646071
0.671930
0.668739
0.823871
0.811211
0.232660
0.039771
0.133365
0.182903
0.059007
0.962851
0.101275
0.104382
0.232936
0.400898
0.600998
0.576868
0.616383
0.716757
0.865902
0.825452
0.155396
0.003921
0.086706
0.210272
0.341294
0.872199
0.092840
0.276049
0.647514
0.721688
0.607199
0.361314
0.463796
0.783419
0.918383
0.823281
0.149694
0.011623
0.123900
0.286861
0.510305
0.742856
0.140482
0.524870
0.812055
0.804256
0.435423
0.149754
0.313065
0.749222
0.934053
0.821266
0.202238
0.039551
0.128847
0.308588
0.534237
0.670588
0.243073
0.766022
0.884313
0.781431
0.222331
0.087305
0.270539
0.740646
0.922965
0.757107
0.210457
0.069457
0.101045
0.234372
0.455437
0.659696
0.362629
0.856744
0.868955
0.611405
0.141257
0.117656
0.359037
0.720213
0.888495
0.701152
0.230672
0.137583
0.105957
0.193753
0.370951
0.711857
0.369963
0.840828
0.794366
0.362890
0.093431
0.174777
0.428122
0.603693
0.766945
0.682040
0.386197
0.249073
0.163175
0.192527
0.343818
0.773523
0.296358
0.769106
0.570711
0.203827
0.114411
0.247439
0.443315
0.511866
0.531492
0.613424
0.492246
0.403847
0.244023
0.222552
0.389954
0.797270
0.227784
0.498034
0.467455
0.282379
0.270248
0.439230
0.556064
0.515124
0.527375
0.557244
0.347503
0.354690
0.315032
0.309621
0.489501
0.782788
0.191728
0.275698
0.394178
0.384050
0.463897
0.607374
0.625267
0.538206
0.633872
0.544428
0.185987
0.266646
0.356703
0.383695
0.546733
0.753096
0.205566
0.244686
0.384054
0.366315
0.441526
0.571232
0.612584
0.591224
0.714017
0.579187
0.149600
0.224902
0.369825
0.386589
0.573132
0.650266
0.282025
0.343015
0.420377
0.429716
0.491715
0.557493
0.573120
0.568319
0.669503
0.570714
0.244677
0.345948
0.415196
0.460656
0.563105
0.931782
0.943487
0.959744
0.974881
0.969726
0.975572
0.970064
0.965409
0.962548
0.955092
0.942753
0.940253
0.956824
0.986487
0.995570
0.923884
0.574375
0.313889
0.213730
0.183506
0.139948
0.067967
0.034350
0.022235
0.026665
0.037164
0.082295
0.155419
0.193424
0.203880
0.134190
0.280051
0.392764
0.220011
0.243661
0.236733
0.185305
0.206887
0.340992
0.309586
0.352081
0.412488
0.478890
0.417083
0.234698
0.069567
0.072004
0.042400
0.100842
-0.001487
-0.005335
-0.001179
0.010155
0.086926
0.197216
0.191140
0.322119
0.349198
0.355689
0.160959
0.022389
-0.019129
-0.020890
-0.013482
0.080988
-0.003239
-0.007286
0.024312
0.071568
0.204400
0.257728
0.171884
0.144854
0.117792
0.102299
0.038354
0.012989
-0.006847
-0.000245
0.044583
0.085093
0.013664
0.035029
0.155244
0.361734
0.585348
0.539631
0.361954
0.184554
0.214269
0.269901
0.136969
0.118494
0.166847
0.240968
0.339556
0.197566
0.117401
0.194124
0.460941
0.702563
0.733060
0.568486
0.498617
0.426416
0.602656
0.577289
0.346039
0.334858
0.429563
0.526592
0.548366
0.343289
0.295182
0.400717
0.691445
0.747292
0.639049
0.504109
0.572138
0.627529
0.797047
0.736289
0.535446
0.462889
0.509625
0.622775
0.622665
0.461123
0.420503
0.516369
0.730194
0.700988
0.573067
0.459586
0.518501
0.628378
0.755303
0.698247
0.530285
0.507881
0.575849
0.684864
0.654496
0.575332
0.558708
0.662104
0.791144
0.623732
0.467344
0.421082
0.476730
0.487977
0.570526
0.442475
0.376891
0.469424
0.516829
0.613955
0.653081
0.625287
0.612160
0.642466
0.695051
0.514937
0.426500
0.412657
0.473135
0.515222
0.548046
0.449518
0.376931
0.393830
0.372701
0.459074
0.534633
0.562080
0.483310
0.451433
0.493374
0.382411
0.408155
0.443703
0.465241
0.488323
0.536285
0.477553
0.449394
0.444949
0.414228
0.490024
0.513913
0.481702
0.380327
0.449480
0.469534
0.397415
0.456342
0.466689
0.468734
0.489973
0.501131
0.497986
0.493060
0.519145
0.486108
0.548927
0.531021
0.472248
0.384663
0.465631
0.528307
0.516691
0.509964
0.537987
0.611753
0.686618
0.750812
0.802078
0.780344
0.696441
0.625422
0.640331
0.609590
0.515795
0.348907
0.419976
0.480485
0.483017
0.492222
0.479166
0.446305
0.421675
0.413373
0.377878
0.344057
0.381345
0.445688
0.555350
0.556812
0.368251
0.332344
0.527105
0.637103
0.647472
0.649907
0.599863
0.499176
0.420585
0.291098
0.202019
0.266442
0.513609
0.617225
0.687784
0.614620
-0.556709
-0.374986
-0.160593
0.176337
0.703310
0.960056
0.896960
0.859536
0.652177
0.499638
0.425906
0.387464
0.391191
-0.379783
-1.034806
-0.034086
-0.512731
-0.555910
-0.383216
-0.337565
-0.002545
0.487615
0.555129
0.648451
0.494323
0.361173
0.299056
0.281308
0.386582
-0.404159
-1.368111
-0.890355
-0.374233
-0.970941
-0.570040
-0.301098
0.077309
0.600461
0.262649
0.383726
0.257587
0.379541
0.607274
0.492150
0.454760
-0.283114
-1.162628
-0.579101
-0.092785
-1.036933
-0.013781
0.352298
0.606899
1.089795
0.528006
0.717388
0.373290
0.541426
0.579905
0.643443
0.916206
0.458672
-0.272985
-0.231701
-0.152974
-0.922738
0.576236
0.850402
0.746438
0.924293
0.575762
0.867956
0.479178
0.845029
0.990794
0.839006
1.219129
1.074823
0.253694
0.194683
-0.294327
-0.613534
0.568154
0.643951
0.468926
0.461653
0.257298
0.607821
0.556912
1.273641
1.482402
1.186493
1.357389
0.825010
0.068081
-0.160007
-0.509414
-0.729156
0.404892
0.432125
0.396704
0.346282
0.217420
0.469634
0.509528
0.963068
1.278078
0.822267
0.873533
0.475061
-0.339765
-0.477531
-0.679089
-0.759064
0.569900
0.637481
0.511231
0.386959
0.296491
0.325726
0.381525
0.659938
1.016139
0.754403
0.694055
0.434693
-0.109054
-0.264649
-0.814210
-0.625560
0.876064
0.855696
0.615406
0.381972
0.222724
0.187464
0.324162
0.430761
0.796040
0.798008
0.676673
0.458133
0.316887
0.088955
-0.790614
-0.294761
1.285605
1.003387
0.562423
0.362307
0.233658
-0.145055
0.082778
0.317700
0.621446
0.766705
0.708926
0.292425
0.467869
0.268537
-0.725750
-0.116077
1.482149
1.002187
0.745086
0.558625
0.180021
-0.313858
-0.281731
0.202101
0.349810
0.463288
0.391664
0.101505
0.122346
-0.003944
-0.574922
-0.170873
1.317309
0.554774
0.308290
0.126382
-0.019756
-0.271029
-0.474052
-0.448699
-0.330759
-0.096688
-0.122620
-0.343038
-0.420736
-0.350197
-0.468153
-0.416502
0.781964
-0.101242
-0.123374
-0.221560
-0.411861
-0.412768
-0.406123
-0.458239
-0.397370
-0.301692
-0.421526
-0.648457
-0.687518
-0.588951
-0.502993
-0.440099
0.201739
-0.577729
-0.529101
-0.487215
-0.388483
-0.306284
-0.256182
-0.199003
-0.316351
-0.304174
-0.488814
-0.811445
-0.872785
-0.622859
-0.225013
-0.220147
0.290983
-0.355319
-0.403045
-0.303983
-0.221885
-0.133473
-0.069379
-0.161591
-0.293089
-0.178138
-0.297424
-0.612810
-0.612184
-0.310398
-0.074882
0.034881
0.429270
0.001184
-0.104008
-0.117173
-0.131443
-0.111089
-0.026856
0.044790
-0.056218
-0.148801
-0.190660
-0.229438
-0.090902
-0.105610
-0.143498
-0.480427
-1.427003
-1.609366
-1.696919
-1.886821
-2.004472
-2.112566
-2.161000
-1.996653
-1.719612
-1.410682
-1.338955
-1.398990
-1.072313
-0.436453
-0.074528
-0.141983
-1.351773
-1.215113
-0.997729
-0.744642
-0.865137
-0.928720
-1.096302
-1.078154
-1.073454
-0.996952
-1.149330
-1.250411
-0.758094
0.335965
0.268776
0.308954
-0.728515
-0.096032
0.163409
0.612759
0.501328
0.504629
0.269692
0.196999
-0.050604
-0.016536
-0.188401
-0.363695
0.159677
0.853113
0.447019
0.656795
0.033444
0.863978
0.769800
0.837425
0.575881
0.504915
-0.016839
-0.136393
-0.411100
0.055566
0.214220
0.181336
0.792953
1.012689
0.799778
1.539702
1.245005
2.020609
1.670512
1.554739
1.279919
1.196145
0.594540
0.525242
0.378541
0.902354
1.099331
1.365490
2.051862
1.486204
1.094624
2.065957
1.495997
1.576057
0.765477
0.522679
0.715983
1.069069
0.846499
1.224170
1.042599
1.255420
1.211515
1.207366
1.107150
0.404309
1.214493
2.178343
0.872353
0.567433
0.437585
0.332477
0.421464
0.305045
0.632645
0.726240
0.781187
0.919604
0.867380
0.472409
0.144912
-0.149835
1.391883
1.991553
0.416072
0.535570
0.800902
1.105280
0.926624
0.363573
0.339164
0.395500
0.429146
0.625340
0.534889
0.321914
0.174712
-0.122235
1.454702
1.949139
0.234222
0.367085
0.394370
0.978264
0.804983
0.375646
0.384207
0.471525
0.527244
0.868891
0.677790
0.539883
0.513563
0.096163
1.380619
1.806946
0.455925
0.522006
0.503143
0.833539
0.528725
0.185110
0.327561
0.636001
0.740554
1.088557
0.878854
0.694222
0.768808
0.342743
1.401947
1.841352
0.907334
0.897865
1.247522
1.001147
0.577106
0.136669
0.013491
0.604870
0.832179
1.129860
1.040707
0.946310
1.112633
0.459866
1.524984
2.051205
1.135019
1.205104
1.077949
0.951429
0.537393
0.052867
-0.270724
-0.188420
0.098838
0.438224
0.753061
0.844399
1.044269
0.385655
1.539151
2.058603
0.957572
0.870546
0.660795
0.396239
-0.032646
-0.388052
-0.573063
-0.674205
-0.714136
-0.512142
-0.264236
-0.132028
0.040467
-0.046709
1.441363
1.795384
0.252105
-0.623842
-0.668814
-0.695123
-0.769898
-0.860888
-0.965494
-0.925088
-1.010466
-1.096287
-1.095408
-0.852913
-0.507542
-0.293566
1.364159
1.514169
-0.151613
-1.028094
-1.115981
-0.995168
-1.007144
-1.263093
-1.502323
-1.522327
-1.362188
-1.282001
-1.296097
-1.061817
-0.699929
-0.431853
1.214103
1.100235
-0.028720
-0.664810
-0.767145
-0.650226
-0.586062
-0.650748
-0.709305
-0.724858
-0.881396
-0.759903
-0.582108
-0.379882
-0.062281
-0.136275
0.000000
0.000000
0.000000
0.000000
0.000000
0.000000
0.000000
0.000000
0.000000
0.000000
0.000000
0.000000
0.000000
0.000000
0.000000
0.000000
0.000000
0.000000
0.000000
0.000000
0.000000
0.000000
0.000000
0.000000
0.000000
0.000000
0.000000
0.000000
0.000000
0.000000
0.000000
0.000000
0.000000
0.000000
0.000000
0.000000
0.000000
0.000000
0.000000
0.000000
0.000000
0.000000
0.000000
0.000000
0.000000
0.000000
0.000000
0.000000
0.000000
0.000000
0.000000
0.000000
0.000000
0.000000
0.000004
0.000001
0.000004
0.000000
0.000000
0.000000
0.000000
0.000000
0.000000
0.000000
0.000000
0.000000
0.000000
0.000000
0.000000
0.000000
0.000000
0.000000
0.000013
0.000000
0.000000
0.000000
0.000000
0.000000
0.000000
0.000000
0.000000
0.000000
0.000000
0.000000
0.000000
0.000001
0.000004
0.000001
0.000001
0.000000
0.000000
0.000000
0.000000
0.000000
0.000000
0.000000
0.000000
0.000000
0.000000
0.000000
0.000001
0.000005
0.000009
0.000002
0.000001
0.000000
0.000000
0.000000
0.000000
0.000000
0.000000
0.000000
0.000000
0.000000
0.000000
0.000000
0.000001
0.000002
0.000002
0.000001
0.000001
0.000000
0.000000
0.000002
0.000000
0.000000
0.000000
0.000000
0.000000
0.000000
0.000000
0.000000
0.000003
0.000005
0.000002
0.000002
0.000004
0.000000
0.000000
0.000001
0.000000
0.000000
0.000000
0.000000
0.000000
0.000000
0.000000
0.000000
0.000003
0.000004
0.000001
0.000003
0.000005
0.000000
0.000000
0.000000
0.000000
0.000000
0.000000
0.000000
0.000000
0.000000
0.000000
0.000000
0.000001
0.000001
0.000001
0.000005
0.000006
0.000000
0.000000
0.000000
0.000000
0.000001
0.000000
0.000000
0.000000
0.000000
0.000000
0.000000
0.000001
0.000000
0.000001
0.000007
0.000005
0.000003
0.000007
0.000005
0.000002
0.000002
0.000000
0.000000
0.000000
0.000000
0.000000
0.000006
0.000005
0.000002
0.000004
0.000030
0.000034
0.000020
0.000019
0.000007
0.000003
0.000003
0.000000
0.000000
0.000000
0.000000
0.000000
0.000008
0.000003
0.000002
0.000012
0.000205
0.000404
0.001116
0.011244
0.000750
0.000005
0.000001
0.000000
0.000000
0.000000
0.000000
0.000000
0.000002
0.000001
0.000001
0.000015
0.000420
0.001362
0.016813
0.185307
0.025352
0.000006
0.000000
0.000000
0.000000
0.000000
0.000000
0.000000
0.000001
0.000001
0.000001
0.000003
0.000006
0.000006
0.000012
0.000124
0.000019
0.000000
0.000000
0.000000
0.000000
0.374812
0.738037
0.645987
0.712628
0.825650
0.863353
0.855574
0.852834
0.831573
0.831798
0.854527
0.906083
0.905720
0.878366
0.729218
0.742849
0.612461
0.923491
0.871771
0.923924
0.952374
0.958845
0.954665
0.953777
0.941414
0.958037
0.973988
0.985260
0.986002
0.986993
0.970258
0.898919
0.499949
0.916119
0.914563
0.970955
0.979536
0.981027
0.975034
0.973270
0.958991
0.977570
0.993567
0.997350
0.994920
0.988400
0.969127
0.888735
0.487888
0.932914
0.943292
0.982125
0.984027
0.988005
0.986414
0.989218
0.980805
0.994549
0.998467
0.999270
0.997735
0.977178
0.893837
0.719647
0.259005
0.739593
0.740799
0.945481
0.958030
0.968848
0.980184
0.993287
0.991882
0.998989
0.999841
0.999847
0.998787
0.946234
0.586813
0.280713
0.123329
0.397055
0.346982
0.723178
0.813234
0.859802
0.924192
0.959209
0.977900
0.998510
0.999888
0.999875
0.998277
0.886620
0.230423
0.072290
0.113637
0.234380
0.146356
0.540901
0.854121
0.940393
0.933066
0.902614
0.915337
0.994680
0.999687
0.999724
0.996581
0.841583
0.171722
0.052417
0.156466
0.232276
0.176453
0.783743
0.981734
0.993844
0.981170
0.886191
0.871501
0.991050
0.999581
0.999628
0.994586
0.856221
0.326740
0.088696
0.183832
0.281801
0.442451
0.935798
0.995004
0.997222
0.980984
0.834401
0.800057
0.992812
0.999707
0.999798
0.997708
0.947289
0.678502
0.215100
0.222536
0.494999
0.832701
0.987972
0.998396
0.997180
0.965247
0.655193
0.601796
0.979453
0.999192
0.999671
0.998590
0.982273
0.855694
0.396713
0.313048
0.795782
0.967421
0.997512
0.999165
0.996727
0.931326
0.432336
0.173474
0.730338
0.968880
0.994453
0.995829
0.983989
0.875290
0.464634
0.421426
0.860810
0.957651
0.993482
0.995654
0.980673
0.769825
0.157077
0.031076
0.067341
0.341965
0.734137
0.902577
0.891492
0.695712
0.289146
0.432682
0.708750
0.708740
0.790789
0.764122
0.494290
0.110770
0.019476
0.009949
0.011634
0.018719
0.044212
0.136933
0.174675
0.120475
0.074499
0.401518
0.467508
0.159266
0.039459
0.020494
0.008138
0.004223
0.003368
0.003727
0.006344
0.009102
0.010408
0.009859
0.010180
0.013082
0.026335
0.448922
0.391124
0.080426
0.012008
0.004280
0.002430
0.002375
0.002986
0.004558
0.010627
0.016447
0.012089
0.006468
0.006101
0.010288
0.024567
0.278562
0.251032
0.081876
0.025915
0.012282
0.007872
0.007003
0.007089
0.009159
0.014889
0.016099
0.018945
0.019824
0.019342
0.025175
0.046033
0.466670
0.225567
0.314048
0.277039
0.219670
0.191790
0.184586
0.182737
0.186188
0.170382
0.142730
0.106824
0.093226
0.098576
0.133520
0.235190
0.266341
0.077881
0.120547
0.062534
0.041712
0.032625
0.032053
0.035992
0.042422
0.033116
0.019984
0.011433
0.009410
0.011589
0.016227
0.114418
0.387239
0.067120
0.073561
0.017072
0.017690
0.010321
0.011009
0.015110
0.020728
0.014564
0.005186
0.001571
0.001796
0.005592
0.011950
0.149296
0.433324
0.046160
0.024776
0.005765
0.007161
0.005941
0.006896
0.005155
0.006594
0.002112
0.000609
0.000200
0.000495
0.005596
0.033281
0.213819
0.651677
0.153778
0.080151
0.023745
0.022971
0.015072
0.010604
0.004730
0.004574
0.000418
0.000051
0.000037
0.000471
0.025940
0.369630
0.652602
0.811996
0.494910
0.394400
0.203435
0.148175
0.098741
0.062857
0.029228
0.013903
0.000773
0.000062
0.000056
0.000909
0.066212
0.815582
0.899534
0.872810
0.715126
0.755468
0.378012
0.098595
0.044807
0.062905
0.091108
0.056918
0.003455
0.000187
0.000149
0.001965
0.090418
0.845703
0.942091
0.866261
0.721632
0.716145
0.166673
0.014302
0.004305
0.012802
0.087830
0.094624
0.006300
0.000298
0.000230
0.002160
0.077339
0.691534
0.912312
0.862418
0.675745
0.474893
0.049747
0.003504
0.001693
0.011833
0.124850
0.125348
0.005353
0.000264
0.000120
0.000968
0.027382
0.323842
0.782998
0.829030
0.453181
0.140474
0.010694
0.001589
0.001771
0.022114
0.337923
0.350141
0.016617
0.000952
0.000288
0.000831
0.010546
0.122653
0.587668
0.746565
0.162536
0.029881
0.002792
0.000768
0.002390
0.053501
0.598052
0.827229
0.277461
0.034118
0.007419
0.005131
0.014943
0.107454
0.512142
0.634232
0.129873
0.034365
0.009795
0.005902
0.019904
0.241336
0.879593
0.974644
0.948169
0.729456
0.314656
0.127691
0.137660
0.335606
0.706610
0.617436
0.265799
0.288541
0.275599
0.285401
0.535779
0.912868
0.983987
0.991677
0.990027
0.985084
0.963029
0.875619
0.837967
0.901134
0.921834
0.635338
0.512307
0.861026
0.970573
0.985783
0.993615
0.996360
0.997038
0.996934
0.995195
0.991907
0.991170
0.989663
0.990397
0.989658
0.972223
0.594860
0.598927
0.936053
0.991454
0.996991
0.998054
0.997944
0.997129
0.995372
0.989691
0.982930
0.988329
0.993051
0.993856
0.991304
0.972579
0.705167
0.732063
0.906529
0.974646
0.987190
0.991202
0.991782
0.991214
0.988251
0.982455
0.981208
0.980720
0.978476
0.976286
0.968713
0.943911
