0.644779
0.638283
0.589976
0.150870
0.243571
0.517491
0.680341
0.788986
0.822521
0.681807
0.507271
0.386762
0.553244
0.530175
0.882013
-0.007683
0.769776
0.567876
0.421358
0.139276
0.359819
0.622674
0.628853
0.800381
0.854296
0.659118
0.478989
0.339723
0.535708
0.438135
0.896344
-0.019587
0.887458
0.459869
0.328909
0.284614
0.534996
0.732422
0.585946
0.812099
0.721079
0.673388
0.762335
0.658172
0.802300
0.598687
0.985350
-0.021446
0.945690
0.567584
0.318910
0.334345
0.475067
0.765843
0.640257
0.862821
0.738862
0.694002
0.766403
0.633590
0.819539
0.749985
0.995042
-0.019358
0.962580
0.672229
0.586133
0.394032
0.419869
0.748918
0.637965
0.788325
0.739918
0.737721
0.813032
0.730278
0.784863
0.844889
0.997585
0.004711
0.947499
0.651872
0.730233
0.449682
0.442458
0.710137
0.624821
0.675316
0.677937
0.729679
0.788390
0.803834
0.716927
0.726858
0.963528
0.107710
0.877535
0.550334
0.746917
0.471758
0.536608
0.655942
0.541217
0.514434
0.527609
0.646086
0.741906
0.822191
0.754862
0.585834
0.865494
0.347629
0.853636
0.463267
0.634511
0.406886
0.579226
0.558784
0.474236
0.485292
0.424540
0.462580
0.648037
0.787720
0.728560
0.509948
0.692017
0.534796
0.840247
0.413700
0.591321
0.466611
0.518125
0.500841
0.462756
0.468438
0.443089
0.321367
0.508284
0.737088
0.697546
0.473592
0.590007
0.528097
0.772589
0.378810
0.583162
0.473579
0.365530
0.491039
0.537567
0.517148
0.647189
0.341341
0.390285
0.603250
0.619268
0.461334
0.451466
0.453592
0.605861
0.365347
0.692452
0.669730
0.328594
0.475180
0.598938
0.618003
0.843361
0.465615
0.288213
0.525665
0.641156
0.476733
0.406574
0.438505
0.578086
0.364191
0.811958
0.916846
0.177384
0.413337
0.646027
0.670428
0.986897
0.552611
0.023050
0.513000
0.683873
0.477418
0.402221
0.438821
0.620845
0.368435
0.865299
0.973168
0.106661
0.122576
0.693034
0.652694
0.941165
0.661708
0.042701
0.578058
0.620451
0.443513
0.324448
0.437960
0.656443
0.272855
0.704461
0.936881
0.172016
0.399186
0.595130
0.483404
0.835154
0.673316
0.156242
0.560612
0.548176
0.428065
0.298237
0.381826
0.643782
0.219867
0.560394
0.768177
0.228409
0.347510
0.508913
0.318727
0.600006
0.487802
0.259202
0.525071
0.436505
0.418067
0.309377
0.354460
0.603909
0.377696
0.507970
0.592063
0.333122
0.424090
0.530925
0.414184
0.544742
0.508387
0.443452
0.610399
0.476298
0.497097
0.456289
0.413418
0.882298
0.758655
0.913310
0.712495
0.563482
0.477917
0.594335
0.658016
0.733643
0.782350
0.803623
0.793987
0.784285
0.817236
0.885902
0.838116
0.401746
0.084716
0.022390
0.020234
0.096123
0.232433
0.384560
0.244883
0.048829
-0.010057
-0.015184
-0.005903
0.018848
0.052224
0.062887
0.299417
0.519774
0.366791
0.371007
0.449690
0.533525
0.516217
0.549004
0.594967
0.443404
0.239806
0.206835
0.195691
0.103129
0.107971
0.291866
0.654141
0.197520
0.101585
0.240551
0.335611
0.374720
0.371249
0.455190
0.503296
0.413662
0.374442
0.353836
0.290545
0.132582
0.037949
0.076746
0.268587
0.140981
0.104989
0.169175
0.270443
0.330562
0.389418
0.539473
0.447733
0.341546
0.338187
0.291497
0.255324
0.208762
0.114843
0.060309
0.233796
0.184095
0.166775
0.231280
0.260529
0.284326
0.348488
0.492013
0.513371
0.468474
0.416059
0.330076
0.303729
0.363188
0.394996
0.253414
0.312069
0.225247
0.217739
0.282219
0.235914
0.285433
0.400438
0.441370
0.496727
0.542446
0.546640
0.508000
0.462529
0.442395
0.467713
0.417184
0.429035
0.345126
0.406218
0.336486
0.317004
0.394039
0.505331
0.476237
0.485787
0.514548
0.501999
0.516589
0.510437
0.354524
0.276322
0.252598
0.411752
0.174097
0.226324
0.263618
0.403247
0.501940
0.495414
0.487946
0.493783
0.513480
0.522450
0.435203
0.497441
0.513625
0.433308
0.483474
0.554026
0.312320
0.503001
0.552191
0.616514
0.534505
0.445210
0.479897
0.568675
0.640301
0.703344
0.496126
0.515681
0.558097
0.548053
0.579012
0.531803
0.542834
0.624174
0.636817
0.703353
0.629671
0.502866
0.545805
0.671237
0.649204
0.955499
0.600725
0.521763
0.546339
0.516618
0.497698
0.515311
0.579891
0.705576
0.758886
0.955400
0.984282
0.618154
0.636826
0.773235
0.718080
0.792738
0.417348
0.420859
0.553693
0.554721
0.536654
0.538479
0.508524
0.500373
0.386282
0.395120
0.376053
0.173750
0.206204
0.143136
0.082741
0.007785
0.064503
0.347043
0.440998
0.462936
0.438512
0.470934
0.452560
0.444651
0.212508
0.009670
-0.002797
0.276320
0.465550
0.366964
0.350418
0.171847
0.370925
0.456744
0.467252
0.447861
0.440945
0.469032
0.470330
0.505518
0.436719
0.464818
0.545489
0.584071
0.547642
0.566612
0.537966
0.382488
0.549056
0.688408
0.641466
0.605277
0.532671
0.532997
0.398328
0.390902
0.435350
0.396944
0.400689
0.432234
0.359339
0.353385
0.378622
0.337705
0.344653
0.232192
0.248957
0.252429
0.314942
0.370347
-1.043947
-0.231875
0.064309
0.395258
0.493202
0.333009
0.281528
0.301324
0.319142
0.327889
0.119354
-0.100648
-0.122643
-0.178504
-0.142971
-0.435334
-1.474567
-0.779108
-0.039358
-0.074943
-0.294724
-0.279938
-0.034886
-0.076971
0.113141
-0.133543
-0.420286
-0.740234
-0.779057
-0.722351
-0.558816
-0.874114
-1.607044
-0.890958
-0.271070
-0.212860
-0.395680
-0.413320
-0.352545
-0.669644
-0.354646
-0.382740
-0.738632
-1.013878
-1.454883
-1.355905
-0.983425
-0.696471
-1.592556
-0.705382
-0.265201
-0.561567
-0.775685
-0.917739
-0.567793
-0.574699
-0.381750
-0.700405
-0.905468
-0.968989
-1.361807
-1.311470
-1.077971
-0.876535
-1.801183
-0.843905
-0.413664
-0.679325
-0.968262
-1.048357
-0.457339
-0.254014
-0.232540
-0.601350
-0.913155
-1.034056
-1.112378
-1.220768
-1.020627
-0.924292
-1.786943
-0.986110
-0.545374
-0.601842
-0.893701
-1.148068
-0.545193
-0.196046
-0.103458
-0.282682
-0.568075
-0.831399
-1.044318
-0.953359
-0.926038
-0.987459
-1.794818
-0.932953
-0.385005
-0.512438
-0.887353
-1.099380
-0.734423
-0.497891
-0.223571
-0.213485
-0.391468
-0.550037
-0.802083
-0.825413
-0.806426
-1.065756
-1.692384
-0.865999
-0.235323
-0.295041
-0.833215
-0.906698
-0.703458
-0.598696
-0.459997
-0.279534
-0.212187
-0.329437
-0.265162
-0.462056
-0.688739
-1.126339
-1.472069
-0.416216
-0.125916
-0.404726
-0.694127
-0.813056
-0.610413
-0.588757
-0.703498
-0.494154
-0.311420
-0.075112
0.056510
-0.090230
-0.417862
-0.978581
-1.169969
-0.253768
-0.308425
-0.496718
-0.442545
-0.614688
-0.532549
-0.518287
-0.785372
-0.547597
-0.617931
-0.508257
-0.272130
-0.212720
-0.282547
-0.809730
-1.026350
-0.357636
-0.560750
-0.409301
-0.412861
-0.688247
-0.609732
-0.579496
-0.885057
-0.528018
-0.938625
-1.197843
-0.796936
-0.621687
-0.561618
-0.809424
-0.909268
-0.511716
-0.941472
-0.429560
-0.058291
-0.687336
-0.831407
-0.856151
-0.698493
-0.343172
-0.630735
-1.385962
-1.139408
-0.798674
-0.682304
-0.862122
-0.861774
-0.720391
-0.891158
-0.080979
0.011347
-0.322525
-0.923111
-1.073864
-0.964838
-0.275470
-0.648990
-1.356106
-0.968085
-0.656712
-0.469218
-0.821637
-0.868051
-0.892931
-1.130703
-0.349673
-0.090423
-0.725335
-0.906140
-0.705665
-0.730597
0.037823
-0.202889
-0.632345
-0.467272
-0.216750
-0.142642
-0.685801
-0.819184
-0.596629
-0.532682
-0.029557
0.302555
-0.146341
-0.394909
-0.219866
-0.227656
0.036449
-0.015750
-0.222571
-0.111116
0.056354
0.023459
-0.613900
-0.483331
-0.247222
-0.173675
0.031541
0.240933
0.081757
-0.004630
0.114324
0.025049
0.140453
0.211040
-0.123086
-0.253341
-0.161762
-0.133275
-0.471733
-0.635590
-1.241331
-1.424640
-1.462447
-1.286516
-1.332597
-1.417223
-1.584656
-1.808940
-2.028081
-2.159980
-2.047655
-1.799195
-1.374024
-1.166841
-0.766514
-0.158073
-0.671732
-0.962001
-1.080513
-0.805856
-0.707953
-0.767489
-0.719193
-0.859065
-1.393901
-1.514154
-1.346981
-1.106922
-0.858508
-0.556422
0.060598
-0.260957
-0.695137
-1.087665
-1.245226
-0.795435
-0.315790
-0.503107
-0.436980
-0.569655
-0.962644
-1.054273
-0.892249
-0.821259
-0.668067
-0.310962
-0.005618
-0.337769
-0.911107
-1.451504
-1.243566
-0.552446
-0.129420
-0.345666
-0.541455
-0.555693
-0.792192
-0.829618
-0.685000
-0.761860
-0.557069
-0.246897
-0.015491
-0.243125
-0.894942
-1.696341
-1.005501
-0.342505
-0.030741
-0.137270
-0.352108
-0.357738
-0.451591
-0.534893
-0.366452
-0.528551
-0.582737
-0.230255
-0.188171
-0.176071
-0.920322
-1.762293
-0.765104
-0.298284
0.055316
-0.061113
-0.192721
-0.303654
-0.460317
-0.551796
-0.443896
-0.412149
-0.784371
-0.511747
-0.470864
-0.013604
-0.858741
-1.475214
-0.438453
-0.096487
0.116868
0.046863
-0.058619
-0.083760
-0.303344
-0.541768
-0.579894
-0.320651
-0.414992
-0.542371
-0.517520
0.277778
-0.526104
-0.768436
-0.023425
0.270085
0.408970
0.351887
0.219669
0.215670
0.108940
-0.110716
-0.386112
-0.237849
0.017834
0.008556
-0.030375
0.371407
-0.200705
-0.078390
0.405242
0.466699
0.648007
0.524413
0.390369
0.437646
0.453371
0.043559
-0.041736
-0.083509
0.214692
0.370072
0.282350
0.360972
0.024788
0.019973
0.486864
0.468448
0.499232
0.400075
0.211649
0.153500
0.527346
-0.033124
0.073230
0.220690
0.255042
0.131178
0.175349
0.389558
-0.065567
-0.449606
-0.012325
0.196240
-0.017815
0.100992
-0.140221
-0.012456
0.597992
0.009959
-0.113153
0.120964
0.101721
-0.070861
0.056455
0.295052
-0.251410
-0.353021
0.231280
0.447227
-0.048932
-0.115453
-0.360947
0.333187
0.542831
0.247954
-0.300840
-0.078360
0.017984
-0.207363
-0.136123
0.282831
-0.090092
0.086542
0.496118
0.450994
0.304449
-0.218823
-0.390148
0.221457
0.515410
0.120635
-0.178431
0.046291
0.024200
-0.128112
-0.053992
0.233424
-0.033767
-0.222010
0.180575
0.412724
-0.134866
-0.135207
-0.217470
-0.630782
-0.026818
-0.552587
-0.099896
0.117417
0.259023
0.100026
0.040011
0.168041
-0.131556
-0.389657
-0.412940
-0.357700
-0.404442
0.099672
-0.032201
-0.193999
0.129020
-0.155326
-0.029820
-0.021157
0.036938
-0.043941
-0.229417
-0.361346
-0.584505
-0.588353
-0.429253
-0.354569
-0.612723
-0.495886
-0.367639
-0.391053
-0.310698
-0.571285
-0.585766
-0.585851
-0.449550
-0.569914
-0.456798
0.000000
0.000000
0.000000
0.000000
0.000000
0.000000
0.000000
0.000000
0.000001
0.000003
0.000002
0.000000
0.000000
0.000000
0.000000
0.000000
0.000000
0.000000
0.000000
0.000000
0.000000
0.000001
0.000000
0.000000
0.000000
0.000000
0.000000
0.000000
0.000000
0.000000
0.000000
0.000000
0.000000
0.000000
0.000000
0.000000
0.000000
0.000017
0.000001
0.000000
0.000000
0.000000
0.000000
0.000000
0.000000
0.000000
0.000000
0.000000
0.000000
0.000000
0.000000
0.000000
0.000000
0.000006
0.000001
0.000000
0.000000
0.000000
0.000000
0.000000
0.000000
0.000000
0.000000
0.000000
0.000000
0.000000
0.000000
0.000000
0.000000
0.000002
0.000002
0.000000
0.000000
0.000000
0.000000
0.000000
0.000000
0.000000
0.000000
0.000000
0.000000
0.000000
0.000000
0.000000
0.000000
0.000001
0.000012
0.000001
0.000000
0.000000
0.000000
0.000000
0.000000
0.000000
0.000000
0.000000
0.000000
0.000000
0.000000
0.000000
0.000000
0.000001
0.000002
0.000001
0.000001
0.000001
0.000000
0.000000
0.000000
0.000000
0.000000
0.000001
0.000000
0.000000
0.000000
0.000000
0.000000
0.000001
0.000000
0.000001
0.000002
0.000002
0.000001
0.000000
0.000002
0.000002
0.000000
0.000010
0.000000
0.000000
0.000000
0.000001
0.000001
0.000001
0.000001
0.000000
0.000001
0.000000
0.000001
0.000002
0.000008
0.000010
0.000001
0.000017
0.000000
0.000000
0.000000
0.000001
0.000000
0.000000
0.000001
0.000001
0.000001
0.000001
0.000001
0.000003
0.000006
0.000006
0.000002
0.000009
0.000000
0.000001
0.000000
0.000010
0.000001
0.000001
0.000005
0.000003
0.000000
0.000006
0.000003
0.000013
0.000001
0.000002
0.000001
0.000007
0.000006
0.000003
0.000000
0.000028
0.000055
0.000028
0.000063
0.000082
0.000000
0.999246
0.000035
0.000001
0.000002
0.000001
0.000001
0.000008
0.000034
0.000002
0.000000
0.799760
0.998523
0.000003
0.000017
0.000183
0.000000
0.278592
0.000000
0.000001
0.000007
0.000004
0.000001
0.000004
0.000028
0.000004
0.000000
0.000007
0.000005
0.000000
0.000009
0.000001
0.000000
0.000016
0.000000
0.000008
0.000004
0.000001
0.000000
0.000002
0.000010
0.000003
0.000000
0.000001
0.000002
0.000002
0.000017
0.000003
0.000002
0.000009
0.000003
0.000002
0.000000
0.000000
0.000000
0.000000
0.000003
0.000005
0.000002
0.000015
0.000011
0.000002
0.000003
0.000003
0.000006
0.000017
0.000001
0.000002
0.000000
0.000000
0.000000
0.000000
0.029123
0.041387
0.112130
0.414083
0.238277
0.027543
0.010601
0.034391
0.109124
0.089592
0.040164
0.041464
0.034905
0.019872
0.032008
0.242947
0.013686
0.091908
0.485873
0.850091
0.387976
0.022485
0.008334
0.320124
0.903227
0.929185
0.708339
0.294732
0.055400
0.015946
0.037311
0.190144
0.003419
0.148223
0.862455
0.989627
0.666076
0.015893
0.036219
0.950102
0.998233
0.998416
0.993377
0.925518
0.130248
0.007844
0.017642
0.123963
0.003525
0.485955
0.996007
0.999658
0.929956
0.046093
0.309160
0.996435
0.999867
0.999869
0.999610
0.996575
0.789141
0.042406
0.024618
0.079435
0.004168
0.708409
0.999323
0.999925
0.961037
0.114892
0.428830
0.988448
0.999352
0.999735
0.999796
0.999550
0.987758
0.436964
0.049803
0.048225
0.011892
0.863564
0.999587
0.999847
0.939037
0.185277
0.280823
0.834403
0.975434
0.995230
0.998825
0.999651
0.999198
0.966041
0.244279
0.070466
0.047331
0.949476
0.999321
0.999100
0.873248
0.285166
0.270405
0.444036
0.702553
0.886416
0.980317
0.998875
0.999779
0.997266
0.750011
0.112999
0.253857
0.966445
0.994698
0.980334
0.668320
0.336822
0.297760
0.290927
0.383913
0.489595
0.757471
0.986968
0.999304
0.997006
0.862215
0.211114
0.648395
0.956503
0.937441
0.853642
0.585663
0.473226
0.377072
0.318424
0.591316
0.696104
0.513484
0.725597
0.950864
0.929556
0.591472
0.157257
0.612841
0.803192
0.672339
0.860187
0.876588
0.702055
0.406400
0.440962
0.936845
0.983711
0.876759
0.185162
0.337853
0.447746
0.234760
0.105921
0.273194
0.276098
0.738331
0.988803
0.995020
0.927697
0.351188
0.356254
0.992817
0.999048
0.987304
0.146315
0.319105
0.510283
0.305030
0.156578
0.114620
0.075171
0.775823
0.997946
0.998931
0.950958
0.205640
0.357791
0.997904
0.999724
0.992757
0.241027
0.704776
0.861567
0.647531
0.323325
0.095507
0.076356
0.909923
0.999417
0.999292
0.925937
0.306612
0.686389
0.999497
0.999864
0.993911
0.410631
0.755258
0.892587
0.733537
0.373678
0.127418
0.285583
0.973265
0.999375
0.998602
0.946898
0.422132
0.721306
0.995960
0.997201
0.957410
0.442966
0.746248
0.816219
0.636504
0.292520
0.135785
0.214159
0.806334
0.957072
0.907689
0.551456
0.307646
0.545122
0.877714
0.883529
0.731789
0.682369
0.847224
0.777752
0.565893
0.253495
0.154230
0.197008
0.363200
0.541143
0.481265
0.364758
0.314846
0.408948
0.439578
0.457838
0.598768
0.796004
0.851893
0.742337
0.560491
0.265546
0.969912
0.956843
0.899076
0.674800
0.871484
0.974401
0.988752
0.958165
0.848092
0.862562
0.948591
0.958006
0.969870
0.977495
0.965690
0.782664
0.966051
0.720039
0.359254
0.071577
0.536471
0.968994
0.985415
0.503454
0.050217
0.041824
0.158894
0.444087
0.892198
0.951237
0.912759
0.721383
0.988799
0.740376
0.093041
0.009306
0.309292
0.980167
0.953253
0.043041
0.001317
0.001172
0.005726
0.060457
0.749996
0.979027
0.974049
0.811452
0.980656
0.237413
0.001919
0.000214
0.046907
0.939831
0.621813
0.003072
0.000097
0.000083
0.000296
0.002813
0.097036
0.858045
0.945006
0.839198
0.971962
0.102873
0.000293
0.000059
0.020339
0.840440
0.535680
0.009553
0.000469
0.000154
0.000126
0.000350
0.005707
0.273612
0.883595
0.919902
0.950158
0.070832
0.000273
0.000149
0.034802
0.761343
0.725335
0.150615
0.022151
0.003628
0.000723
0.000230
0.000549
0.020266
0.607513
0.927866
0.859728
0.030832
0.000580
0.000889
0.083054
0.658466
0.729892
0.547822
0.290966
0.097451
0.016130
0.000856
0.000163
0.002265
0.179968
0.870655
0.553589
0.023242
0.005513
0.014672
0.230035
0.604566
0.703548
0.721917
0.629199
0.505060
0.196915
0.009859
0.000616
0.002535
0.087297
0.765237
0.216614
0.034863
0.050609
0.104827
0.331091
0.511666
0.622159
0.648315
0.381462
0.322094
0.533460
0.255128
0.049141
0.067810
0.347203
0.843300
0.344432
0.188195
0.260315
0.097106
0.115352
0.312346
0.596882
0.514500
0.056945
0.019720
0.198260
0.826041
0.647656
0.579589
0.798673
0.901984
0.729043
0.704212
0.212657
0.008541
0.006112
0.102574
0.650178
0.471224
0.004245
0.000767
0.014817
0.857566
0.705018
0.551347
0.761021
0.868758
0.894770
0.889247
0.078718
0.001133
0.000795
0.044962
0.784833
0.540431
0.000810
0.000231
0.004743
0.728945
0.274711
0.152984
0.400604
0.718780
0.916174
0.864225
0.045480
0.000402
0.000685
0.041600
0.602324
0.229394
0.000200
0.000128
0.003994
0.492632
0.199463
0.104482
0.257067
0.639117
0.891095
0.697427
0.015147
0.000446
0.001913
0.060881
0.515375
0.257193
0.003984
0.003106
0.051711
0.499384
0.232914
0.156725
0.313688
0.694411
0.878550
0.768633
0.195400
0.039578
0.109950
0.407589
0.663769
0.449408
0.085032
0.088092
0.238813
0.294727
0.126540
0.158793
0.349601
0.725451
0.874581
0.806363
0.587357
0.363745
0.446911
0.628269
0.675943
0.581660
0.483840
0.471037
0.411654
0.203552
0.130664
0.211173
0.430937
0.747898
0.961712
0.861011
0.621933
0.055803
0.141745
0.392920
0.725878
0.953786
0.980277
0.894470
0.687568
0.536830
0.769495
0.901763
0.926376
-0.015582
1.008242
0.830548
0.321601
0.007615
0.049245
0.333138
0.687021
0.929489
0.939905
0.768279
0.608825
0.510185
0.848165
0.925892
0.978353
-0.023220
1.021605
0.730684
0.151046
0.042024
0.121972
0.460290
0.769008
0.965687
0.927187
0.765317
0.710996
0.614456
0.921233
0.968245
0.999316
-0.024165
1.023181
0.768471
0.154272
0.034765
0.077455
0.474571
0.729958
0.953045
0.859162
0.711917
0.728308
0.609346
0.833064
0.941418
0.987650
-0.023436
1.023053
0.790891
0.307652
0.093720
0.062649
0.424489
0.663899
0.883990
0.856678
0.788216
0.802757
0.652093
0.650996
0.793939
0.953413
-0.017891
1.020105
0.748621
0.409487
0.146404
0.099302
0.433537
0.557127
0.752169
0.782450
0.803303
0.850753
0.792037
0.598291
0.489587
0.795272
0.021373
1.011921
0.648589
0.410297
0.152875
0.180180
0.453979
0.452442
0.545198
0.619835
0.734147
0.828595
0.879814
0.690927
0.337145
0.510932
0.134222
0.997244
0.497687
0.342336
0.207946
0.329779
0.466897
0.447813
0.505091
0.465868
0.484126
0.707797
0.840303
0.720290
0.328505
0.352656
0.250301
0.947894
0.396647
0.352616
0.336953
0.391693
0.482106
0.436954
0.497835
0.491643
0.343635
0.458242
0.746270
0.736217
0.424387
0.383348
0.336459
0.853488
0.344052
0.513638
0.490860
0.333800
0.432976
0.483846
0.521262
0.698671
0.361642
0.228347
0.498729
0.627935
0.431369
0.377605
0.415808
0.675590
0.335957
0.757768
0.749641
0.274962
0.310967
0.494971
0.556201
0.922873
0.466859
0.085404
0.377017
0.612673
0.482682
0.353457
0.443672
0.618377
0.404444
0.916398
0.951665
0.124186
0.157546
0.466242
0.583293
1.008832
0.504766
-0.007478
0.308153
0.603760
0.488375
0.345405
0.426414
0.645552
0.404609
0.953322
0.976506
0.097146
0.032229
0.464306
0.478870
0.983067
0.597664
0.009234
0.344127
0.542017
0.466035
0.289344
0.396923
0.673260
0.343016
0.797909
0.950321
0.149201
0.193179
0.389915
0.456625
0.893998
0.624681
0.100767
0.427288
0.539115
0.465918
0.272015
0.315832
0.665772
0.317698
0.668540
0.841664
0.191228
0.258135
0.488513
0.348054
0.654377
0.546920
0.288968
0.615256
0.571986
0.481135
0.287886
0.296516
0.584406
0.403489
0.546144
0.603079
0.323220
0.411650
0.530409
0.407443
0.530129
0.522073
0.447264
0.626594
0.444232
0.390630
0.312950
0.285099
0.940857
0.960004
1.003468
0.973306
0.792686
0.535759
0.672482
0.830560
0.935405
0.980466
0.984006
0.974485
0.973223
0.980094
0.990680
0.980728
0.705110
0.328010
0.391109
0.205944
0.248334
0.429736
0.602975
0.503752
0.299866
0.103727
0.079799
0.151579
0.246346
0.362801
0.383151
0.662125
0.687182
0.515728
0.774385
0.701561
0.534604
0.507015
0.579477
0.622407
0.503898
0.384905
0.362393
0.348417
0.218041
0.282970
0.377100
0.663604
0.335280
0.168938
0.693284
0.733158
0.490581
0.401445
0.488707
0.563481
0.509763
0.520082
0.502654
0.491941
0.219543
0.071793
0.061260
0.148522
0.223801
0.111994
0.456800
0.541930
0.404667
0.382077
0.494627
0.486252
0.441045
0.421075
0.373968
0.331177
0.219547
0.053643
0.015390
0.040819
0.205485
0.112304
0.308245
0.377291
0.292264
0.341859
0.442256
0.452584
0.455507
0.408326
0.391525
0.357099
0.350700
0.225557
0.053164
0.079151
0.279598
0.173826
0.273224
0.295937
0.302278
0.438257
0.479462
0.502273
0.518852
0.522299
0.490306
0.499730
0.461036
0.358775
0.182031
0.212907
0.363116
0.281509
0.357175
0.373927
0.444633
0.540702
0.576147
0.584226
0.605140
0.559066
0.509581
0.482555
0.403551
0.273743
0.212569
0.304559
0.133801
0.122254
0.263258
0.443419
0.545605
0.565930
0.562962
0.562702
0.599604
0.623182
0.482260
0.436666
0.470623
0.402261
0.404316
0.459521
0.162054
0.284612
0.459860
0.613567
0.568615
0.484728
0.493752
0.519156
0.653651
0.704656
0.529518
0.424116
0.506602
0.520711
0.502142
0.491167
0.381766
0.482493
0.564323
0.714284
0.628298
0.492240
0.449311
0.551685
0.789038
0.962460
0.763640
0.457358
0.472297
0.466945
0.459595
0.479987
0.517517
0.638407
0.807395
0.978462
0.991970
0.759300
0.548143
0.681180
0.704900
0.798637
0.648077
0.449130
0.549950
0.518652
0.494361
0.507639
0.489892
0.524955
0.430100
0.393603
0.378824
0.281735
0.279417
0.199765
0.083348
0.010888
0.122883
0.415184
0.560910
0.551409
0.524904
0.523740
0.433807
0.457858
0.189373
0.013081
0.005935
0.254265
0.493717
0.449634
0.393598
0.195106
0.418990
0.510979
0.576822
0.553725
0.558536
0.567245
0.431152
0.549198
0.537549
0.506997
0.510697
0.604311
0.562315
0.634938
0.629869
0.448119
0.681259
0.708966
0.657596
0.568494
0.547288
0.570198
0.502327
0.557282
0.605613
0.494992
0.477549
0.560608
0.476094
0.499381
0.531722
0.444502
0.479031
0.328139
0.356194
0.392892
0.493561
0.553629
-0.929668
0.004574
-0.373230
0.005314
-0.008105
0.149591
0.254645
0.465852
0.581941
0.399662
0.105699
-0.136876
-0.120118
-0.239532
-0.539284
-1.023391
-1.544108
-0.378453
-0.897116
-0.548863
-0.552166
-0.207574
0.013013
0.131963
0.257674
0.029619
-0.452691
-0.889816
-0.887425
-1.050104
-1.065351
-1.668641
-2.003924
-0.559683
-1.057590
-0.547567
-0.791491
-0.744921
0.016501
0.273913
0.154437
-0.321932
-0.889574
-1.317127
-1.263872
-1.730417
-1.327822
-1.639511
-2.040988
-0.587802
-0.839201
-0.837367
-0.989633
-1.033212
0.057257
0.429141
0.361778
-0.238409
-0.792829
-1.136890
-1.223874
-1.516459
-1.356160
-1.772538
-2.256914
-0.595310
-0.754262
-1.071830
-1.144892
-1.012727
-0.149535
0.394037
0.392010
-0.081511
-0.480261
-0.846416
-1.080850
-1.528961
-1.439087
-1.529015
-2.144899
-0.520592
-0.729933
-1.098264
-1.081678
-0.943835
-0.444051
0.171611
0.307515
0.302956
0.072937
-0.386881
-0.806241
-1.200516
-1.283876
-1.340854
-2.014555
-0.358373
-0.689980
-1.052724
-0.964192
-0.714338
-0.379818
-0.103278
0.143943
0.346966
0.418975
0.123428
-0.470665
-0.826956
-1.087308
-1.337649
-1.828902
-0.300945
-0.605432
-0.595766
-0.655698
-0.399258
-0.221370
-0.156506
-0.105826
0.097985
0.405691
0.372994
-0.016531
-0.341281
-0.645147
-1.131038
-1.347893
-0.215706
-0.308770
-0.323101
-0.266552
-0.209875
-0.132881
-0.021224
-0.084052
-0.067501
-0.001028
0.227479
0.176799
0.043382
-0.173313
-0.780969
-0.988228
-0.263421
0.028895
-0.120424
-0.064004
-0.193527
-0.146679
-0.018183
-0.095045
-0.267678
-0.314897
-0.187208
-0.026416
0.037339
-0.014019
-0.488704
-0.754281
-0.215486
0.005977
-0.172910
-0.188822
-0.360368
-0.230115
-0.197996
-0.143690
-0.750145
-0.556146
-0.760085
-0.587936
-0.344296
-0.300836
-0.464158
-0.687689
-0.223348
-0.022012
-0.446356
-0.231024
-0.389056
-0.472911
-0.278720
0.017537
-0.572663
-0.326222
-0.677089
-0.671931
-0.414255
-0.359438
-0.467164
-0.731205
-0.328693
0.020954
-0.214604
-0.276613
-0.152012
-0.407700
-0.299014
-0.264492
-0.673584
-0.401366
-0.689055
-0.516322
-0.341389
-0.246987
-0.345923
-0.740785
-0.458300
-0.305891
-0.536633
-0.194614
-0.367644
-0.351458
-0.241967
-0.335645
-0.244718
-0.074078
-0.348357
-0.247482
-0.097307
-0.114127
-0.283494
-0.676124
-0.545265
-0.391931
-0.085012
0.192695
0.055645
-0.091616
-0.009522
0.021660
0.192873
0.260403
0.113790
0.226362
0.169582
0.005399
-0.415506
-0.243820
-0.101751
0.086022
0.255592
0.394557
0.343439
0.294382
0.305006
0.406100
0.440330
0.525271
0.288447
0.252528
0.137388
0.075330
-0.291695
0.176636
-0.820980
-1.342991
-1.400264
-1.223374
-1.145553
-1.238344
-1.194847
-1.576141
-2.054585
-2.200778
-1.832352
-1.418554
-0.631534
-1.041073
-0.837670
0.753776
-0.507845
-0.726964
-0.466488
-0.390542
-0.648161
-0.682542
-0.512354
-0.519159
-1.227364
-1.392500
-1.152869
-1.009086
-0.450044
-0.656049
-0.289853
1.135834
-0.421637
-0.141753
-0.453900
-0.664616
-0.414067
-0.334552
-0.111851
-0.214923
-0.407918
-0.363254
-0.362317
-0.438292
-0.280293
-0.277556
-0.198024
1.043347
-0.174762
-0.089303
-0.494745
-0.352599
-0.072078
-0.044333
0.016057
-0.189118
-0.230737
-0.228709
-0.081049
-0.080791
-0.044152
-0.202808
0.125757
1.212573
0.160166
0.034986
-0.104671
0.117880
0.196052
0.087838
0.282416
0.145219
0.029738
-0.068865
0.015934
-0.025336
0.297119
0.236208
0.433643
1.114640
0.163173
0.032746
-0.083875
0.235444
0.296929
-0.082145
0.070577
0.205939
0.062779
-0.026888
-0.034494
-0.114377
0.108100
0.257022
0.109930
1.156109
0.381401
0.082218
0.056654
0.436136
0.278407
-0.140651
-0.196541
-0.017971
0.117044
0.096762
-0.021382
-0.109461
-0.157211
0.049278
-0.055297
1.204384
0.463615
0.081935
0.311325
0.530011
0.320707
0.112280
-0.043772
-0.053781
-0.041306
0.112554
0.163454
0.036266
0.197100
0.304827
0.073732
1.088558
0.497626
0.380667
0.564113
0.480109
0.328266
0.138362
0.191176
0.238155
0.228022
-0.018024
0.123149
0.119113
0.252223
0.372978
0.138247
1.153379
0.761949
0.431955
0.518007
0.460734
0.340687
0.093388
0.157949
0.045359
0.452453
0.014861
-0.090140
0.009872
0.031535
-0.052545
-0.165869
0.668150
0.283318
-0.163752
-0.002721
0.311195
0.055829
-0.106021
0.078877
0.060900
0.530592
-0.129732
-0.220321
-0.202203
-0.225157
-0.386577
-0.425049
0.093923
-0.091787
-0.091454
0.080627
0.102536
-0.251682
-0.205520
-0.204074
-0.172581
-0.233994
-0.139495
-0.301202
-0.259891
-0.234132
-0.454149
-0.543966
-0.059217
-0.133292
-0.010591
-0.313603
-0.283974
0.047478
-0.279988
-0.247389
0.010607
-0.215254
-0.065824
0.036449
-0.078103
-0.089438
-0.274482
-0.437868
-0.151791
-0.207531
-0.113957
0.114121
-0.160336
0.037304
-0.012363
0.247119
0.212222
0.229942
-0.242775
-0.020312
0.026389
0.045282
-0.145037
-0.268144
-0.156637
-0.261260
-0.106269
0.360835
0.007447
-0.337523
-0.172951
-0.040171
-0.011674
0.132066
-0.326892
-0.138748
0.042128
-0.050479
-0.204450
-0.249453
-0.299405
-0.584381
-0.512661
-0.269422
-0.285943
-0.566915
-0.380051
-0.336321
-0.394317
-0.270845
-0.391143
-0.216762
0.002075
0.145113
0.035261
-0.116590
0.000000
0.000000
0.000000
0.000000
0.000000
0.000000
0.000000
0.000000
0.000000
0.000000
0.000000
0.000000
0.000000
0.000000
0.000000
0.000000
0.000000
0.000000
0.000000
0.000000
0.000000
0.000000
0.000000
0.000000
0.000000
0.000000
0.000000
0.000000
0.000000
0.000000
0.000000
0.000000
0.000000
0.000000
0.000000
0.000000
0.000000
0.000001
0.000000
0.000000
0.000000
0.000000
0.000000
0.000000
0.000000
0.000000
0.000000
0.000000
0.000000
0.000000
0.000000
0.000000
0.000000
0.000000
0.000000
0.000000
0.000000
0.000000
0.000000
0.000000
0.000000
0.000000
0.000000
0.000000
0.000000
0.000000
0.000000
0.000000
0.000000
0.000000
0.000000
0.000000
0.000000
0.000000
0.000000
0.000000
0.000000
0.000000
0.000000
0.000000
0.000000
0.000000
0.000000
0.000000
0.000000
0.000000
0.000001
0.000000
0.000000
0.000000
0.000000
0.000000
0.000000
0.000000
0.000000
0.000000
0.000000
0.000000
0.000000
0.000000
0.000000
0.000000
0.000000
0.000000
0.000000
0.000000
0.000000
0.000000
0.000000
0.000000
0.000000
0.000000
0.000000
0.000000
0.000000
0.000000
0.000000
0.000001
0.000000
0.000000
0.000000
0.000000
0.000000
0.000000
0.000000
0.000001
0.000000
0.000001
0.000000
0.000000
0.000000
0.000002
0.000001
0.000002
0.000000
0.000000
0.000000
0.000001
0.000000
0.000001
0.000002
0.000006
0.000002
0.000006
0.000000
0.000000
0.000000
0.000003
0.000001
0.000000
0.000001
0.000001
0.000001
0.000003
0.000000
0.000001
0.000001
0.000003
0.000001
0.000004
0.000000
0.000000
0.000000
0.000003
0.000001
0.000000
0.000002
0.000001
0.000000
0.000011
0.000000
0.000001
0.000000
0.000000
0.000000
0.000001
0.000001
0.000000
0.000000
0.000016
0.000076
0.000000
0.000007
0.000001
0.000000
0.998466
0.000008
0.000000
0.000000
0.000000
0.000000
0.000000
0.000007
0.000000
0.000000
0.797142
0.997846
0.000001
0.000001
0.000000
0.000000
0.314217
0.000000
0.000000
0.000000
0.000000
0.000000
0.000000
0.000003
0.000000
0.000000
0.000006
0.000006
0.000000
0.000001
0.000000
0.000000
0.000005
0.000000
0.000002
0.000001
0.000001
0.000000
0.000000
0.000001
0.000000
0.000000
0.000000
0.000001
0.000000
0.000007
0.000002
0.000000
0.000009
0.000002
0.000004
0.000000
0.000000
0.000000
0.000000
0.000000
0.000000
0.000000
0.000002
0.000004
0.000000
0.000001
0.000001
0.000001
0.000006
0.000001
0.000000
0.000000
0.000000
0.000000
0.000000
0.091573
0.277128
0.357702
0.651616
0.494734
0.099269
0.044281
0.218034
0.504816
0.488900
0.308141
0.278276
0.274568
0.216943
0.148366
0.380503
0.153692
0.854099
0.917083
0.977516
0.844982
0.168556
0.098465
0.867564
0.990062
0.993826
0.980085
0.944231
0.822752
0.688208
0.483439
0.525595
0.075399
0.893991
0.990494
0.998310
0.945517
0.180206
0.318321
0.986419
0.999261
0.999706
0.999455
0.996868
0.957096
0.635940
0.405988
0.471318
0.161988
0.986553
0.999799
0.999951
0.995431
0.496943
0.801430
0.998567
0.999939
0.999976
0.999957
0.999750
0.997307
0.898576
0.451516
0.395733
0.207180
0.995474
0.999976
0.999992
0.998989
0.741148
0.816461
0.996732
0.999809
0.999966
0.999981
0.999959
0.999689
0.983361
0.511456
0.291131
0.260086
0.995966
0.999976
0.999983
0.998301
0.762417
0.567529
0.936363
0.992840
0.999034
0.999879
0.999959
0.999909
0.998032
0.791590
0.283245
0.410782
0.995601
0.999901
0.999851
0.991925
0.678663
0.408387
0.574162
0.834564
0.965775
0.996919
0.999820
0.999933
0.999367
0.963844
0.436510
0.671820
0.993191
0.998513
0.995871
0.939412
0.562042
0.381425
0.386502
0.501358
0.686381
0.937386
0.996660
0.999498
0.998241
0.968426
0.509280
0.779893
0.975462
0.977417
0.948340
0.808071
0.563269
0.467284
0.471675
0.614441
0.670621
0.667293
0.893262
0.965701
0.947726
0.779109
0.268433
0.556307
0.815469
0.848465
0.902274
0.849257
0.705740
0.508266
0.659235
0.912320
0.946289
0.795355
0.455880
0.520673
0.504376
0.330232
0.127173
0.212734
0.462602
0.873435
0.980188
0.978706
0.913937
0.618006
0.824632
0.995401
0.998078
0.985442
0.507564
0.376241
0.443102
0.318147
0.147318
0.100201
0.321007
0.976563
0.998493
0.998867
0.981153
0.724899
0.921371
0.999747
0.999661
0.997229
0.791279
0.718311
0.777710
0.610671
0.273516
0.103975
0.444324
0.994854
0.999692
0.999139
0.989018
0.840940
0.963610
0.999900
0.999817
0.997919
0.840169
0.789814
0.838906
0.720133
0.338282
0.127950
0.525829
0.993467
0.999621
0.998689
0.971414
0.764103
0.894209
0.996645
0.995992
0.978049
0.727433
0.773415
0.786328
0.662297
0.303686
0.121830
0.361872
0.832085
0.954935
0.898615
0.687551
0.496849
0.674440
0.907642
0.897499
0.844810
0.768026
0.835564
0.781447
0.645166
0.306340
0.093725
0.182677
0.380986
0.533512
0.471582
0.360419
0.305354
0.389498
0.473930
0.478779
0.571651
0.720313
0.811602
0.710854
0.537239
0.259702
0.856339
0.782108
0.666727
0.391040
0.521047
0.877621
0.942543
0.716382
0.458274
0.468191
0.606672
0.594180
0.674466
0.724823
0.874310
0.632744
0.903221
0.390889
0.205987
0.054806
0.248173
0.864800
0.929377
0.238248
0.027253
0.013133
0.038989
0.111103
0.393540
0.606816
0.819957
0.647599
0.965274
0.437707
0.015296
0.003406
0.090325
0.849453
0.766753
0.027928
0.002066
0.000700
0.001040
0.006066
0.143927
0.678731
0.901461
0.703938
0.940324
0.094395
0.000545
0.000102
0.007625
0.534611
0.183358
0.002324
0.000171
0.000054
0.000076
0.000430
0.006940
0.299022
0.868818
0.756739
0.921870
0.024392
0.000071
0.000021
0.002105
0.269489
0.147013
0.004147
0.000432
0.000084
0.000043
0.000092
0.000775
0.049466
0.734927
0.813317
0.882605
0.013611
0.000056
0.000049
0.003295
0.245851
0.378400
0.062756
0.009146
0.001363
0.000240
0.000106
0.000180
0.003719
0.285464
0.787258
0.765803
0.010495
0.000182
0.000383
0.013680
0.292066
0.540931
0.358513
0.131634
0.031305
0.003755
0.000358
0.000151
0.000938
0.048590
0.652533
0.493030
0.012959
0.002201
0.006996
0.069088
0.376786
0.571383
0.553719
0.443680
0.269355
0.056924
0.004172
0.000918
0.002453
0.039935
0.497537
0.238374
0.028590
0.027820
0.060649
0.194334
0.400070
0.495872
0.475678
0.305075
0.246255
0.298440
0.089522
0.037871
0.049683
0.220270
0.679601
0.346127
0.143174
0.128823
0.098592
0.110888
0.247325
0.430435
0.300663
0.048101
0.030547
0.134618
0.523006
0.420519
0.409181
0.646699
0.834063
0.746109
0.476657
0.085482
0.013011
0.009782
0.053049
0.338441
0.157330
0.003224
0.001299
0.008462
0.415724
0.510843
0.440847
0.606000
0.783143
0.874357
0.613428
0.018213
0.001061
0.001067
0.013620
0.258289
0.065999
0.000348
0.000389
0.002190
0.136430
0.190951
0.169320
0.304999
0.589930
0.884365
0.470004
0.004227
0.000482
0.000992
0.006146
0.137782
0.025866
0.000166
0.000312
0.001273
0.086867
0.152230
0.122304
0.228184
0.562233
0.852831
0.359527
0.006259
0.000827
0.001594
0.014025
0.165570
0.077046
0.002967
0.005448
0.017811
0.161890
0.234435
0.196239
0.328206
0.666244
0.866344
0.611506
0.106690
0.043077
0.072696
0.197932
0.420178
0.312323
0.083592
0.103720
0.129955
0.230147
0.183492
0.232391
0.388376
0.689929
0.874103
0.747795
0.515417
0.361881
0.393964
0.548940
0.627806
0.536083
0.449232
0.445569
0.365058
0.228274
0.140366
0.197644
0.352854
0.647561
0.904506
0.769042
0.512424
0.016540
0.081042
0.367994
0.799806
0.960430
0.949845
0.835902
0.617011
0.473211
0.738147
0.851177
0.702854
-0.005034
0.994912
0.744154
0.257656
-0.014639
0.019951
0.320273
0.900169
1.000330
0.980113
0.780671
0.428159
0.291758
0.706284
0.890570
0.660299
-0.023489
1.015310
0.587888
0.131194
-0.015290
0.016656
0.373036
0.928080
0.999896
0.922545
0.623618
0.497137
0.367353
0.824899
0.954504
0.717976
-0.024388
1.020644
0.689978
0.073068
-0.016299
0.000220
0.340401
0.897688
0.985895
0.860070
0.585803
0.495273
0.274790
0.646518
0.929716
0.695800
-0.024280
1.021374
0.798300
0.155899
-0.015942
-0.009956
0.262205
0.793613
0.941622
0.844488
0.664458
0.608640
0.389338
0.303985
0.704855
0.649813
-0.022072
1.017977
0.791003
0.241398
-0.009227
-0.002513
0.254117
0.635281
0.831625
0.790357
0.763294
0.780485
0.640551
0.344781
0.278959
0.262232
-0.001809
1.003086
0.649979
0.250730
0.001352
0.031795
0.307491
0.486515
0.664835
0.720085
0.764793
0.828277
0.817468
0.499049
0.150367
0.096267
0.072072
0.965499
0.517537
0.194260
0.031240
0.133003
0.382835
0.449873
0.570090
0.555031
0.596511
0.787093
0.829731
0.515988
0.122798
0.071833
0.169077
0.834630
0.401075
0.230390
0.156440
0.284653
0.450274
0.465031
0.533694
0.516433
0.472981
0.601211
0.750532
0.570478
0.232533
0.169190
0.332524
0.675247
0.453599
0.419294
0.399758
0.388696
0.461580
0.532925
0.570458
0.624166
0.505868
0.433287
0.560471
0.573520
0.457514
0.375626
0.499902
0.521880
0.562517
0.732877
0.690917
0.394103
0.390522
0.578887
0.704807
0.822818
0.659876
0.142872
0.461686
0.533964
0.552377
0.440814
0.567653
0.458692
0.618854
0.897341
0.926654
0.274011
0.141195
0.487362
0.746916
0.988181
0.646344
-0.000450
0.367579
0.458675
0.482046
0.400375
0.536222
0.477443
0.636131
0.968940
0.961275
0.148871
0.015771
0.465662
0.654614
0.951052
0.563969
0.000358
0.371521
0.425815
0.416855
0.324604
0.467685
0.481311
0.540273
0.849656
0.875423
0.114732
0.114318
0.496338
0.547888
0.789584
0.438272
0.078323
0.481864
0.474024
0.410363
0.299482
0.443306
0.435604
0.448777
0.684856
0.756744
0.234649
0.287767
0.539170
0.457661
0.657991
0.509988
0.321776
0.516704
0.392480
0.356875
0.266570
0.453181
0.450906
0.422690
0.512681
0.597656
0.381151
0.410895
0.515712
0.441780
0.506657
0.494715
0.470002
0.581299
0.482217
0.444916
0.384866
0.465994
0.934069
0.941914
0.975759
0.928542
0.737183
0.617587
0.707219
0.886061
0.946045
0.956144
0.954808
0.933772
0.933175
0.966911
0.987065
0.893237
0.607901
0.248002
0.141107
0.130781
0.278686
0.533514
0.690317
0.666379
0.285317
0.056316
0.030277
0.073349
0.145891
0.266964
0.181144
0.344141
0.517133
0.451550
0.441778
0.340487
0.437293
0.580376
0.674296
0.785811
0.570538
0.265739
0.241961
0.224187
0.184681
0.165346
0.201160
0.234302
0.162568
0.085949
0.250919
0.283705
0.415334
0.559572
0.598554
0.648434
0.541121
0.449225
0.381457
0.261892
0.142035
0.017111
0.008281
0.019038
0.093263
0.041603
0.080295
0.117164
0.298665
0.528412
0.605604
0.568855
0.403730
0.364844
0.336019
0.191016
0.098371
0.008509
-0.009943
-0.003809
0.103777
0.049137
0.056967
0.069896
0.221260
0.454649
0.515935
0.496918
0.397886
0.368263
0.326002
0.260305
0.172935
0.035941
0.021455
0.031583
0.150635
0.069536
0.078055
0.107019
0.264201
0.484653
0.528850
0.530960
0.472214
0.461783
0.476758
0.471496
0.369116
0.197366
0.158112
0.216592
0.270153
0.170755
0.168361
0.254010
0.416389
0.539764
0.554896
0.573524
0.574110
0.524858
0.520884
0.542718
0.344626
0.199080
0.221969
0.381343
0.140898
0.068585
0.150814
0.330124
0.495370
0.518440
0.519230
0.560445
0.612267
0.572816
0.485879
0.528851
0.455803
0.307695
0.326160
0.437362
0.225958
0.155912
0.325844
0.474470
0.466713
0.454774
0.468619
0.580975
0.694149
0.601360
0.485094
0.491797
0.495895
0.398387
0.397302
0.406303
0.465713
0.370460
0.598488
0.657973
0.496511
0.482710
0.475902
0.688553
0.820591
0.877595
0.685587
0.503749
0.527131
0.422645
0.397495
0.394956
0.606232
0.656407
0.883827
0.936751
0.931444
0.741144
0.578073
0.814785
0.827342
0.755091
0.539434
0.492840
0.590773
0.462270
0.432443
0.441789
0.581455
0.586488
0.694846
0.507510
0.390391
0.340799
0.438162
0.498195
0.299600
0.041334
0.086015
0.450342
0.603673
0.536717
0.502814
0.506997
0.547851
0.510625
0.450566
0.077311
0.001487
0.160659
0.465149
0.542470
0.605988
0.253755
0.224684
0.517896
0.618721
0.623212
0.567322
0.577234
0.581282
0.544199
0.639575
0.571383
0.395801
0.406573
0.521589
0.563350
0.667699
0.447142
0.501735
0.707495
0.748360
0.721789
0.674623
0.634291
0.679372
0.657960
0.722285
0.653635
0.575523
0.655114
0.621992
0.600117
0.672368
0.588519
0.609060
0.600816
0.608362
0.641092
0.680865
0.639536
-0.475526
-0.191778
-0.080987
0.746039
1.234639
0.907745
0.658984
0.873862
0.766994
0.643570
0.532382
0.436049
0.471068
-0.356490
-1.004673
-0.002234
-0.535788
-0.230482
0.107151
1.016606
1.093010
0.864271
0.783579
1.197184
1.142878
1.360592
0.916432
0.517618
0.369042
-0.389067
-1.498139
-0.829777
-0.400806
-0.837829
0.620629
1.627306
1.279394
0.890218
0.762798
1.216039
1.380633
1.591010
1.345308
0.915003
0.789682
-0.245584
-1.696355
-0.846744
-0.039295
-0.532110
0.766376
1.500512
1.240475
0.860488
0.867285
0.957553
1.351992
1.530745
1.290450
0.992010
1.209624
0.439950
-1.242921
-0.983076
0.119564
-0.228823
1.155773
1.438934
1.331599
0.773340
0.547804
0.809898
1.219462
1.484024
1.465670
1.181470
1.342668
0.944834
-0.567275
-0.559441
0.087558
-0.127143
1.313639
1.408882
1.142289
0.467040
0.101252
0.514055
0.869694
1.140331
1.511927
1.484416
1.322508
1.412972
0.142320
-0.095979
0.086106
0.054940
1.158514
1.228573
0.694830
0.152502
-0.286305
-0.021143
0.320803
0.724687
1.004847
1.381911
1.232866
1.010258
0.421858
0.168950
-0.072037
-0.044318
0.700439
0.610165
0.304244
-0.112080
-0.457357
-0.395100
-0.324564
0.014050
0.591123
0.669390
0.731427
0.532635
0.027724
-0.102256
-0.121105
-0.088297
0.478098
0.185563
0.059701
-0.376336
-0.442560
-0.418281
-0.469589
-0.333603
0.243881
0.336053
0.212490
-0.076299
-0.264508
-0.328372
-0.104641
0.049345
0.442810
0.108758
-0.025419
0.000035
-0.194620
-0.141885
-0.016232
-0.182489
0.520293
0.224833
-0.305604
-0.490536
-0.470326
-0.475390
-0.456044
0.015438
0.438535
0.149884
0.289486
0.701284
0.371393
0.298668
0.453991
-0.330919
0.647533
0.445947
-0.223210
-0.380140
-0.310957
-0.249160
-0.601651
0.104361
0.736058
-0.052796
-0.337065
0.476140
0.623310
1.060506
-0.166794
-1.161323
0.027086
0.521382
-0.018506
-0.334299
-0.255981
-0.128821
-0.650873
0.438156
0.627576
-0.883322
-1.010846
0.317540
0.542844
0.975891
0.375202
-0.683118
-0.008517
0.570374
-0.172232
-0.463018
-0.439551
-0.192041
-0.605386
0.066366
0.602879
0.186932
0.100860
0.380515
0.559726
0.508268
0.707663
0.134804
0.562631
0.373082
-0.418061
-0.613655
-0.486595
-0.225415
-0.490620
-0.036875
0.283469
0.037578
-0.104864
0.269864
-0.046799
-0.023039
0.046197
-0.138499
-0.043542
0.110745
0.093638
-0.016642
0.062673
0.118225
-0.282372
-0.116352
-0.024810
-0.146286
-0.232543
-0.035083
0.001713
-0.011795
-0.034202
-0.088840
0.216849
0.440655
0.731269
0.657215
0.583463
0.276351
0.110854
-0.443089
-1.158010
-0.791475
-0.514044
-0.609299
-0.834125
-1.004480
-1.362105
-1.736612
-1.863994
-1.640146
-1.468049
-1.410609
-0.978503
-0.325520
0.352743
0.113694
-0.653322
0.445857
0.068547
-0.232490
-0.419889
-0.516910
-0.651023
-0.884094
-1.006974
-0.863771
-1.223544
-1.384678
-0.851576
0.239182
0.191001
0.427089
0.070434
1.349243
0.592519
-0.248059
-0.165254
0.238628
0.301212
0.788035
0.779886
0.458921
0.060531
-0.740810
-0.557730
0.401736
0.192358
0.390667
-0.030583
1.362833
0.348680
-0.223525
0.122834
0.452047
0.323488
0.786916
0.702402
0.478052
0.282446
-0.459869
-0.249035
0.568720
0.574998
0.710340
0.485285
1.526441
0.828138
0.250466
0.383773
0.532983
0.608745
0.752555
0.774398
0.774210
0.835063
0.322538
0.487700
1.060405
0.766582
0.977577
1.083521
1.564020
0.847840
0.280551
0.218112
0.532027
0.758068
0.700342
0.690997
0.797783
0.909466
0.837298
0.924630
1.244371
1.068243
1.304048
1.451752
1.501447
0.850350
0.380020
0.216823
0.191700
0.434003
0.543062
0.562933
0.724661
0.918522
0.913279
1.045560
0.833844
1.355696
1.576611
1.491230
1.284866
0.749178
0.467379
0.249677
0.062803
0.029232
0.093714
0.331281
0.720488
0.871545
1.092978
1.057091
0.617047
1.723507
1.792949
1.601519
1.049959
0.616917
0.420439
0.267013
0.290648
0.326841
0.264885
0.101885
0.489810
0.860637
0.983654
0.934879
0.304174
1.975408
1.838954
1.257741
0.883149
0.741351
0.444462
0.239827
0.213666
0.483684
0.721896
0.371589
-0.183712
0.170381
0.249257
0.172861
-0.049180
1.120487
0.738668
0.615011
0.674531
0.982149
0.484445
-0.043901
0.248584
0.662624
0.611252
0.655984
-0.266167
-0.019786
0.020103
-0.125691
-0.202113
0.210619
0.107998
0.451680
0.264863
0.338704
0.326511
-0.212487
-0.068003
-0.359576
-0.544136
0.037102
0.100807
0.239967
0.229127
-0.004814
-0.125886
-0.060603
-0.151936
-0.189391
-0.826130
-0.669079
-0.108571
-0.099177
0.248503
0.258928
-0.249186
0.532813
0.546361
0.400862
0.330847
0.215017
0.002630
0.018931
0.275514
0.653197
0.439621
0.201205
0.738392
0.444480
0.863751
1.316627
0.736457
1.002344
0.401041
0.371875
0.297060
0.137921
-0.089816
0.204183
0.215795
0.748305
1.076629
0.753989
0.465885
-0.029097
0.404863
0.872346
0.606386
0.752439
0.606897
0.866046
0.622785
0.446173
-0.048624
0.093340
-0.094635
-0.002134
0.254309
0.163379
0.159516
0.044387
0.000073
0.023535
0.104992
0.492543
0.774557
0.961299
0.918989
0.715187
0.228399
0.000000
0.000000
0.000000
0.000000
0.000000
0.000000
0.000000
0.000000
0.000000
0.000000
0.000000
0.000000
0.000000
0.000000
0.000000
0.000000
0.000000
0.000000
0.000000
0.000000
0.000000
0.000000
0.000000
0.000000
0.000000
0.000000
0.000000
0.000000
0.000000
0.000000
0.000000
0.000000
0.000000
0.000000
0.000000
0.000000
0.000000
0.000000
0.000000
0.000000
0.000000
0.000000
0.000000
0.000000
0.000000
0.000000
0.000000
0.000000
0.000000
0.000000
0.000000
0.000000
0.000000
0.000000
0.000000
0.000000
0.000000
0.000000
0.000000
0.000000
0.000000
0.000000
0.000000
0.000000
0.000000
0.000000
0.000000
0.000000
0.000000
0.000000
0.000000
0.000000
0.000000
0.000000
0.000000
0.000000
0.000000
0.000000
0.000000
0.000000
0.000000
0.000000
0.000000
0.000000
0.000000
0.000000
0.000000
0.000000
0.000000
0.000000
0.000000
0.000000
0.000000
0.000000
0.000000
0.000000
0.000000
0.000000
0.000000
0.000000
0.000000
0.000000
0.000000
0.000000
0.000000
0.000000
0.000000
0.000000
0.000000
0.000000
0.000000
0.000000
0.000000
0.000000
0.000000
0.000000
0.000000
0.000000
0.000000
0.000000
0.000000
0.000000
0.000000
0.000000
0.000000
0.000000
0.000000
0.000000
0.000000
0.000000
0.000000
0.000002
0.000000
0.000001
0.000000
0.000000
0.000000
0.000000
0.000000
0.000000
0.000000
0.000001
0.000000
0.000000
0.000000
0.000000
0.000000
0.000002
0.000000
0.000000
0.000000
0.000000
0.000000
0.000001
0.000000
0.000000
0.000000
0.000001
0.000000
0.000000
0.000000
0.000000
0.000000
0.000001
0.000001
0.000000
0.000000
0.000000
0.000000
0.000000
0.000000
0.000000
0.000000
0.000000
0.000000
0.000000
0.000000
0.000000
0.000000
0.000000
0.000002
0.000000
0.000001
0.000000
0.000000
0.000777
0.000001
0.000000
0.000000
0.000000
0.000000
0.000000
0.000001
0.000000
0.000000
0.000235
0.029312
0.000001
0.000001
0.000000
0.000000
0.000013
0.000000
0.000000
0.000000
0.000000
0.000000
0.000000
0.000001
0.000000
0.000000
0.000000
0.000001
0.000000
0.000001
0.000000
0.000000
0.000001
0.000000
0.000001
0.000000
0.000000
0.000000
0.000000
0.000000
0.000000
0.000000
0.000000
0.000001
0.000000
0.000001
0.000001
0.000000
0.000003
0.000001
0.000001
0.000000
0.000000
0.000000
0.000000
0.000000
0.000000
0.000000
0.000001
0.000002
0.000000
0.000001
0.000001
0.000001
0.000005
0.000001
0.000001
0.000000
0.000000
0.000000
0.000000
0.359663
0.823820
0.769034
0.847183
0.687463
0.241240
0.123471
0.483442
0.827923
0.915289
0.901675
0.885248
0.854947
0.804632
0.614432
0.672030
0.554058
0.970861
0.965984
0.967690
0.834897
0.295461
0.130274
0.826263
0.984567
0.996253
0.994747
0.987435
0.970465
0.955645
0.892674
0.833580
0.469896
0.980096
0.995803
0.997307
0.937868
0.386099
0.323848
0.969778
0.998473
0.999610
0.999516
0.998368
0.988362
0.944316
0.837098
0.828191
0.585860
0.995397
0.999717
0.999773
0.990410
0.691671
0.767274
0.994266
0.999760
0.999929
0.999897
0.999552
0.996832
0.970818
0.766159
0.652714
0.571492
0.998063
0.999956
0.999964
0.998221
0.848772
0.776738
0.991405
0.999660
0.999947
0.999965
0.999905
0.999182
0.979830
0.630435
0.404555
0.541328
0.997400
0.999936
0.999951
0.997997
0.846488
0.589819
0.902706
0.991611
0.999004
0.999825
0.999913
0.999719
0.996005
0.813459
0.356795
0.619642
0.996934
0.999776
0.999745
0.993273
0.784265
0.417827
0.543012
0.832356
0.967812
0.996430
0.999703
0.999821
0.998783
0.961257
0.510754
0.753834
0.993445
0.997736
0.996590
0.962464
0.669290
0.362951
0.355681
0.480592
0.673281
0.928845
0.995054
0.999334
0.998356
0.972704
0.626708
0.782527
0.976414
0.977461
0.966416
0.870366
0.586541
0.391148
0.405770
0.532907
0.563641
0.637541
0.877098
0.971629
0.972585
0.876162
0.424533
0.574718
0.838556
0.909781
0.889175
0.832048
0.638009
0.455805
0.568009
0.848045
0.867479
0.778368
0.489262
0.557187
0.582453
0.403631
0.201123
0.262030
0.497647
0.883453
0.958744
0.961191
0.876660
0.623417
0.791460
0.989057
0.991135
0.977210
0.628689
0.332084
0.346486
0.242080
0.167589
0.122843
0.396955
0.967400
0.995943
0.996764
0.978723
0.835076
0.939668
0.999021
0.998567
0.995565
0.824750
0.631178
0.566501
0.405547
0.255456
0.132579
0.534944
0.989837
0.998458
0.997483
0.986777
0.852324
0.960896
0.999539
0.999300
0.997388
0.894159
0.746686
0.710469
0.555297
0.308726
0.148761
0.537932
0.986443
0.998367
0.998037
0.980437
0.819074
0.882984
0.995473
0.993953
0.982997
0.840083
0.752189
0.711226
0.557818
0.274441
0.155760
0.330969
0.841121
0.956725
0.944204
0.824198
0.618337
0.692579
0.895815
0.916658
0.898320
0.829145
0.865452
0.816070
0.691518
0.354331
0.142315
0.202851
0.446996
0.627399
0.624153
0.500019
0.422223
0.465011
0.548402
0.584894
0.695721
0.767292
0.833245
0.777470
0.625821
0.338843
0.504184
0.145040
0.164428
0.127056
0.296335
0.778786
0.881895
0.545440
0.194349
0.109677
0.109065
0.129638
0.169094
0.187976
0.222722
0.309235
0.330445
0.025748
0.021914
0.014135
0.110075
0.626765
0.762336
0.107379
0.008981
0.001744
0.002400
0.007242
0.022197
0.047346
0.056284
0.203075
0.416159
0.014494
0.003534
0.001442
0.028896
0.457858
0.442323
0.019521
0.001007
0.000166
0.000142
0.000528
0.003278
0.032908
0.061530
0.327693
0.315293
0.002996
0.000173
0.000050
0.001960
0.152687
0.135840
0.004261
0.000171
0.000027
0.000024
0.000088
0.000549
0.012691
0.088906
0.402379
0.306017
0.001088
0.000027
0.000010
0.000493
0.063098
0.121417
0.006924
0.000303
0.000037
0.000015
0.000028
0.000170
0.004728
0.119202
0.550297
0.328554
0.001461
0.000033
0.000021
0.000720
0.064745
0.306507
0.078094
0.007043
0.000740
0.000112
0.000040
0.000089
0.001552
0.079887
0.540307
0.275293
0.002316
0.000148
0.000155
0.002937
0.123632
0.566782
0.480390
0.175916
0.027246
0.002364
0.000207
0.000083
0.000624
0.024168
0.337627
0.187824
0.005350
0.001770
0.002453
0.020967
0.289199
0.664339
0.682699
0.619721
0.373428
0.059206
0.003470
0.000536
0.001321
0.020874
0.255220
0.187042
0.023636
0.019681
0.029966
0.116934
0.452205
0.638571
0.618054
0.527999
0.493504
0.367648
0.123611
0.028329
0.028506
0.117639
0.490156
0.456969
0.179566
0.106693
0.110005
0.199597
0.426290
0.575027
0.380011
0.142914
0.120333
0.231522
0.602362
0.520525
0.495132
0.632499
0.790968
0.759784
0.462511
0.093842
0.036878
0.031066
0.109640
0.378814
0.135721
0.009571
0.006470
0.017579
0.384492
0.673982
0.716265
0.791055
0.830940
0.861345
0.543869
0.021865
0.003646
0.002985
0.014616
0.141895
0.039654
0.000656
0.000996
0.002446
0.082767
0.330223
0.491634
0.639981
0.730491
0.853500
0.438709
0.007175
0.000852
0.002437
0.005869
0.060626
0.023413
0.000347
0.000580
0.001934
0.053791
0.212788
0.335553
0.496446
0.669055
0.834403
0.449149
0.011703
0.001207
0.003401
0.012219
0.118312
0.063161
0.005320
0.005591
0.015631
0.127697
0.250532
0.347872
0.504373
0.687727
0.847265
0.684434
0.152464
0.059631
0.085111
0.189912
0.379329
0.281149
0.110946
0.092114
0.132049
0.214674
0.222407
0.287604
0.469403
0.658829
0.860453
0.809520
0.559131
0.396176
0.461730
0.549672
0.628410
0.601993
0.489074
0.432302
0.392199
0.263073
0.216744
0.293362
0.442967
0.662025
