0.668529
0.451072
0.584494
0.609434
0.501499
0.635090
0.622925
0.568220
0.543485
0.487043
0.437274
0.393594
0.602924
0.652743
0.849232
-0.009096
0.806944
0.334913
0.600451
0.562614
0.485348
0.533453
0.613513
0.540580
0.486597
0.423606
0.354979
0.315827
0.565092
0.596175
0.817094
-0.015975
0.881343
0.369495
0.645088
0.455383
0.507016
0.458444
0.677152
0.518304
0.647947
0.677319
0.576184
0.591137
0.728869
0.804855
0.905888
0.001542
0.915398
0.479930
0.631418
0.568782
0.523290
0.464633
0.620531
0.364207
0.589364
0.617553
0.577930
0.608052
0.771274
0.855884
0.874009
0.094816
0.927404
0.597203
0.682728
0.683233
0.639632
0.706914
0.640189
0.530124
0.619826
0.675285
0.670458
0.678191
0.775353
0.829376
0.791545
0.296726
0.864705
0.498784
0.694889
0.607632
0.673983
0.873828
0.602633
0.623874
0.751925
0.812622
0.623899
0.491055
0.722906
0.586837
0.496298
0.341722
0.700457
0.311103
0.557489
0.468839
0.611017
0.896851
0.480747
0.585607
0.760932
0.745210
0.482532
0.394579
0.738149
0.571014
0.456419
0.344042
0.598167
0.162611
0.480360
0.507238
0.449640
0.738636
0.545614
0.563477
0.757025
0.764789
0.588656
0.308572
0.710434
0.670058
0.492307
0.357239
0.598814
0.096407
0.381220
0.580907
0.444477
0.618149
0.661483
0.597164
0.804428
0.784686
0.708406
0.333103
0.584440
0.711179
0.540461
0.341987
0.634903
0.074311
0.362224
0.557298
0.447737
0.529301
0.666222
0.610825
0.802654
0.805217
0.735561
0.450570
0.441666
0.759987
0.610440
0.327927
0.708394
0.102000
0.439923
0.569982
0.510879
0.497373
0.633020
0.714615
0.806440
0.775788
0.733391
0.585569
0.419148
0.758017
0.679811
0.305041
0.751873
0.146811
0.534770
0.523891
0.549054
0.504001
0.665692
0.782031
0.758879
0.755004
0.713034
0.646948
0.512852
0.697088
0.685809
0.286681
0.798866
0.226698
0.478788
0.445855
0.547830
0.519626
0.615204
0.752073
0.671261
0.680079
0.632843
0.639495
0.518149
0.546424
0.646918
0.283028
0.849303
0.411178
0.430724
0.430190
0.511298
0.508086
0.492272
0.624591
0.594475
0.579779
0.592710
0.584005
0.468651
0.481188
0.561404
0.222040
0.873435
0.507009
0.430688
0.456361
0.409902
0.419970
0.417644
0.507206
0.496819
0.464651
0.492034
0.518976
0.469199
0.452978
0.543498
0.195766
0.914277
0.682144
0.687747
0.619301
0.447656
0.423536
0.429820
0.498133
0.553690
0.524744
0.518201
0.546791
0.532720
0.526332
0.613485
0.259154
0.908110
0.777399
0.795486
0.795851
0.789086
0.805848
0.843953
0.862929
0.877916
0.856089
0.804698
0.729002
0.743701
0.799438
0.889259
0.858404
0.395508
0.184228
0.107917
0.042189
0.023774
-0.004857
-0.014320
-0.017246
-0.018113
-0.016423
-0.005590
0.012990
0.058960
0.051512
0.055074
0.212504
0.510170
0.314524
0.409266
0.285596
0.345616
0.344534
0.341636
0.258275
0.175643
0.177466
0.202939
0.177816
0.127254
0.077905
0.161423
0.401914
0.270755
0.135104
0.179509
0.145779
0.220186
0.276239
0.299431
0.366948
0.356293
0.332143
0.199359
0.140961
0.053069
0.015857
0.031784
0.155617
0.138598
0.055432
0.071924
0.089212
0.129428
0.223012
0.267934
0.242676
0.174188
0.174644
0.173256
0.187301
0.213032
0.293785
0.321174
0.457515
0.176382
0.122104
0.218360
0.432782
0.392966
0.343058
0.316014
0.146228
0.218062
0.340108
0.377210
0.399060
0.546670
0.671320
0.610762
0.581057
0.283742
0.279163
0.446381
0.561975
0.514998
0.392973
0.364340
0.358625
0.476726
0.429377
0.451236
0.488115
0.434339
0.446617
0.468343
0.510490
0.443111
0.530736
0.599920
0.665952
0.681797
0.438081
0.356746
0.535827
0.604625
0.562797
0.651548
0.637739
0.488861
0.454989
0.489494
0.506205
0.430591
0.504229
0.506168
0.521231
0.487270
0.421114
0.437704
0.490783
0.466255
0.425710
0.418673
0.406714
0.406684
0.406684
0.494319
0.498164
0.431084
0.562956
0.519456
0.575504
0.573503
0.516829
0.444512
0.503170
0.536690
0.525284
0.470582
0.501968
0.448932
0.427660
0.486782
0.511505
0.422330
0.560957
0.578331
0.646171
0.595944
0.602442
0.570218
0.691150
0.701701
0.588266
0.443735
0.411377
0.372932
0.399701
0.529882
0.550626
0.365682
0.439342
0.527927
0.620926
0.597382
0.632373
0.602151
0.671191
0.562475
0.422795
0.365942
0.336257
0.390356
0.464552
0.530025
0.537096
0.390346
0.436212
0.468013
0.376634
0.394139
0.412618
0.391277
0.405096
0.368421
0.335270
0.384299
0.459578
0.536383
0.583754
0.592481
0.561078
0.261350
0.278293
0.288640
0.325447
0.417094
0.421322
0.440661
0.378716
0.378238
0.413812
0.507435
0.534750
0.558857
0.618203
0.588458
0.519877
0.294385
0.225893
0.347881
0.674293
0.763475
0.682017
0.658391
0.595490
0.562832
0.582364
0.592247
0.595668
0.645153
0.625052
0.534101
0.527633
0.037229
0.020368
0.027940
0.052628
0.073995
0.124727
0.181143
0.202564
0.237955
0.298381
0.325505
0.346405
0.360194
0.310641
0.213844
0.273909
-1.062315
-0.324322
0.194796
0.424149
0.552271
0.428111
0.204845
0.072625
0.036474
0.028878
0.037089
-0.051246
-0.089068
-0.107653
-0.184876
-0.510961
-1.523393
-0.640248
-0.202807
0.050064
0.062843
-0.236320
-0.365296
-0.508458
-0.561304
-0.485005
-0.371461
-0.542256
-0.706772
-0.659049
-0.608807
-1.013291
-1.655617
-0.830330
-0.423194
-0.176590
-0.135016
-0.327042
-0.397643
-0.486403
-0.540593
-0.611463
-0.617607
-0.801023
-1.344189
-1.212424
-0.838951
-0.885624
-1.600173
-0.828683
-0.394494
-0.265451
-0.228589
-0.425052
-0.281593
-0.277501
-0.358695
-0.436020
-0.540255
-0.838578
-1.113597
-0.825259
-0.730961
-0.858234
-1.699707
-1.012890
-0.486856
-0.364261
-0.430595
-0.687646
-0.458068
-0.405808
-0.416025
-0.533744
-0.468309
-0.684252
-0.684776
-0.577161
-0.614953
-0.827808
-1.719852
-0.947573
-0.397909
-0.362369
-0.421428
-0.794574
-0.545800
-0.490329
-0.278806
-0.196807
-0.272351
-0.324469
-0.410366
-0.219378
-0.327352
-0.905618
-1.867564
-0.966440
-0.220630
-0.346755
-0.541159
-0.753570
-0.611059
-0.260869
-0.184886
-0.223484
-0.325645
-0.520361
-0.462150
-0.224657
-0.455902
-1.033445
-2.056097
-1.154343
-0.104651
-0.468817
-0.679926
-0.702525
-0.512619
-0.326270
-0.486834
-0.430342
-0.567803
-0.626618
-0.543382
-0.401298
-0.517129
-1.071099
-2.234034
-1.246173
-0.114549
-0.481570
-0.592697
-0.735443
-0.551859
-0.435739
-0.616960
-0.588191
-0.608840
-0.671002
-0.705169
-0.648355
-0.585593
-1.082229
-2.317434
-1.225964
-0.213335
-0.590065
-0.400267
-0.517594
-0.502568
-0.359753
-0.507181
-0.561881
-0.600137
-0.731987
-0.750600
-0.801877
-0.649185
-1.072077
-2.314543
-1.155355
-0.346442
-0.619956
-0.542099
-0.650836
-0.675761
-0.602567
-0.568904
-0.602089
-0.592734
-0.738329
-0.716739
-0.867573
-0.770331
-1.107762
-2.241726
-1.034589
-0.324626
-0.498184
-0.592684
-0.791072
-0.897081
-0.899099
-0.762435
-0.628500
-0.591028
-0.584729
-0.563941
-0.760526
-0.814902
-1.151644
-2.046689
-0.932489
-0.309548
-0.317265
-0.451562
-0.696297
-0.725182
-0.669855
-0.433009
-0.402384
-0.417543
-0.347095
-0.376155
-0.449238
-0.810340
-1.204540
-1.803815
-0.924205
-0.278459
0.017706
0.052470
-0.165950
-0.165740
-0.146873
-0.012286
0.007933
0.016674
-0.008524
-0.030441
-0.166206
-0.602866
-1.092637
-1.695270
-0.784175
-0.312275
0.082629
0.299686
0.210216
0.194061
0.219495
0.286553
0.361798
0.409263
0.395800
0.264839
0.019075
-0.423916
-0.992649
-1.234265
-0.635006
-0.350362
0.082279
0.349711
0.301283
0.162620
-0.009190
0.066643
0.114327
0.166367
0.205910
0.083837
-0.058778
-0.470071
-0.703274
-0.494422
-0.806523
-1.234474
-1.457714
-1.878285
-2.215697
-2.242330
-2.256717
-2.239210
-2.174212
-2.049958
-1.932405
-1.696974
-1.493480
-1.167479
-0.811624
-0.041231
-0.508476
-0.824271
-0.974202
-1.107110
-1.346659
-1.458172
-1.534266
-1.626335
-1.566005
-1.476577
-1.365704
-1.002957
-0.691361
-0.351515
-0.010577
-0.069831
-0.611234
-0.795606
-0.809117
-0.830810
-0.838244
-0.774632
-0.710681
-0.929272
-1.115333
-1.155559
-1.012081
-0.490160
-0.301724
0.000798
-0.090855
-0.107261
-0.584023
-0.939768
-0.871541
-0.793415
-0.833060
-0.812821
-0.566099
-0.787515
-1.022589
-1.063135
-0.730351
-0.447336
-0.208456
-0.008232
-0.227703
0.083906
-0.307027
-0.573611
-0.435510
-0.315362
-0.369410
-0.255182
-0.214928
-0.480585
-0.665610
-0.592832
-0.457044
-0.321074
0.065218
0.132974
-0.218138
0.285326
-0.247436
-0.626713
-0.412492
-0.412015
-0.449048
-0.187936
-0.397689
-0.816639
-0.794224
-0.295101
-0.340090
-0.230324
0.133803
0.057156
0.002153
0.361427
-0.268994
-0.910397
-0.524999
-0.302406
-0.376840
-0.286858
-0.593763
-0.870917
-0.538085
0.140207
-0.000394
-0.162387
0.088838
0.079635
0.233995
0.460285
-0.026430
-0.596045
0.137775
0.238785
-0.070316
-0.146037
-0.391062
-0.515968
-0.379992
-0.013015
-0.032272
-0.243495
0.249605
0.214763
0.337940
0.405758
0.075399
-0.314411
0.162865
0.386842
0.066186
0.023569
-0.207815
-0.379270
-0.521784
-0.083641
0.030323
-0.085606
0.299854
0.396024
0.442981
0.285415
-0.058033
-0.510030
-0.153876
0.189066
0.153230
0.166656
-0.047043
-0.213998
-0.404684
-0.198624
0.171704
0.083034
0.243466
0.526162
0.528836
0.169321
-0.254636
-0.635952
-0.567330
-0.154700
0.005819
0.025625
-0.121271
-0.207010
-0.415983
-0.313172
0.171717
0.149364
0.195335
0.538343
0.555802
0.215157
-0.255048
-0.685913
-0.719145
-0.325658
-0.149411
-0.267179
-0.415087
-0.442646
-0.380619
-0.167963
0.219331
0.314493
0.367210
0.535801
0.553888
0.185854
-0.331543
-0.685927
-0.705399
-0.474257
-0.184890
-0.235018
-0.201044
-0.165717
-0.010677
0.094237
0.336185
0.419906
0.366921
0.402693
0.475533
0.073250
-0.330492
-0.701567
-0.875043
-0.572187
-0.125051
-0.009607
-0.004480
0.033089
0.083176
0.123491
0.195026
0.142723
0.176743
0.108637
0.239450
0.023528
-0.538649
-1.014907
-1.277814
-1.125080
-0.678150
-0.372921
-0.258569
-0.267128
-0.343568
-0.357046
-0.333463
-0.413945
-0.410580
-0.476193
-0.173881
-0.085428
-0.286639
-0.854059
-1.158464
-1.109685
-0.892782
-0.628077
-0.681667
-0.851283
-0.915280
-0.872057
-0.853819
-0.856778
-0.754744
-0.663939
-0.259344
0.000002
0.000000
0.000000
0.000000
0.000000
0.000000
0.000000
0.000001
0.000002
0.000005
0.000004
0.000000
0.000000
0.000000
0.000000
0.000000
0.000000
0.000000
0.000000
0.000000
0.000000
0.000000
0.000000
0.000000
0.000000
0.000000
0.000000
0.000000
0.000000
0.000000
0.000000
0.000000
0.000000
0.000000
0.000000
0.000000
0.000000
0.000000
0.000000
0.000000
0.000000
0.000000
0.000000
0.000000
0.000000
0.000000
0.000000
0.000000
0.000000
0.000000
0.000000
0.000000
0.000000
0.000000
0.000003
0.000006
0.000000
0.000000
0.000000
0.000000
0.000000
0.000000
0.000000
0.000000
0.000000
0.000000
0.000000
0.000000
0.000000
0.000000
0.000000
0.000000
0.000000
0.000000
0.000000
0.000000
0.000000
0.000000
0.000000
0.000000
0.000000
0.000000
0.000000
0.000000
0.000000
0.000000
0.000000
0.000000
0.000000
0.000000
0.000000
0.000000
0.000000
0.000003
0.000001
0.000003
0.000000
0.000000
0.000000
0.000000
0.000000
0.000002
0.000035
0.000000
0.000000
0.000001
0.000002
0.000001
0.000004
0.000021
0.000003
0.000006
0.000000
0.000000
0.000000
0.000006
0.000024
0.000001
0.000014
0.000001
0.000004
0.000001
0.000014
0.000007
0.000021
0.000044
0.000006
0.000010
0.000000
0.000000
0.000000
0.000004
0.000069
0.000001
0.000004
0.000003
0.000005
0.000000
0.000006
0.000001
0.000002
0.000052
0.000010
0.000009
0.000000
0.000000
0.000000
0.000000
0.000006
0.000003
0.000017
0.000003
0.000001
0.000000
0.000000
0.000001
0.000001
0.000041
0.000014
0.000006
0.000000
0.000000
0.000000
0.000000
0.000000
0.000000
0.000002
0.000003
0.000001
0.000000
0.000001
0.000004
0.000001
0.000021
0.000016
0.000005
0.000000
0.000000
0.000000
0.000000
0.000000
0.000000
0.000000
0.000003
0.000001
0.000001
0.000001
0.000003
0.000004
0.000016
0.000012
0.000006
0.000000
0.000000
0.000000
0.000000
0.000000
0.000000
0.000000
0.000005
0.000004
0.000005
0.000004
0.000011
0.000009
0.000004
0.000002
0.000004
0.000000
0.000000
0.000000
0.000000
0.000000
0.000000
0.000001
0.000006
0.000012
0.000007
0.000005
0.000008
0.000006
0.000004
0.000001
0.000002
0.000000
0.000000
0.000000
0.000000
0.000000
0.000000
0.000009
0.000023
0.000009
0.000002
0.000002
0.000005
0.000004
0.000003
0.000000
0.000001
0.000000
0.000000
0.000000
0.000000
0.000004
0.000006
0.000030
0.000019
0.000008
0.000003
0.000003
0.000004
0.000004
0.000004
0.000002
0.000002
0.035722
0.025344
0.011919
0.019916
0.022871
0.014422
0.011689
0.010068
0.010956
0.019691
0.049514
0.077543
0.028753
0.011236
0.021104
0.153348
0.010413
0.016871
0.007800
0.033568
0.067641
0.082051
0.075829
0.074437
0.072407
0.139161
0.318163
0.243034
0.036274
0.013240
0.045712
0.087789
0.001724
0.005011
0.001066
0.005349
0.012254
0.018708
0.025154
0.045050
0.111927
0.641130
0.948611
0.885529
0.116523
0.020398
0.032623
0.045022
0.001190
0.004579
0.001505
0.007140
0.011026
0.013062
0.023335
0.065179
0.567249
0.989506
0.999262
0.994200
0.523004
0.042177
0.024299
0.045304
0.001026
0.004692
0.003797
0.046128
0.049679
0.048763
0.097215
0.281883
0.964478
0.999269
0.999827
0.994483
0.439721
0.027738
0.006203
0.015810
0.001687
0.010028
0.061597
0.583091
0.432198
0.292789
0.441909
0.696533
0.989465
0.999374
0.998369
0.893711
0.128364
0.004806
0.001134
0.005333
0.003553
0.037871
0.442452
0.946294
0.854712
0.709833
0.794454
0.904452
0.983802
0.997788
0.993918
0.834164
0.039808
0.001487
0.000738
0.004388
0.008828
0.088184
0.455384
0.956204
0.920440
0.850399
0.930796
0.950104
0.980834
0.998210
0.998522
0.964174
0.141197
0.002166
0.000963
0.005711
0.017807
0.141605
0.405224
0.968456
0.966390
0.918956
0.955892
0.962035
0.987809
0.999276
0.999779
0.995813
0.627986
0.015468
0.002418
0.008648
0.025852
0.201611
0.637803
0.989793
0.991485
0.937979
0.880790
0.877823
0.982955
0.999288
0.999836
0.998533
0.879465
0.074427
0.005170
0.011508
0.026172
0.206629
0.880039
0.998153
0.998868
0.987036
0.916185
0.926527
0.994026
0.999562
0.999775
0.998611
0.921357
0.129871
0.008442
0.014895
0.020471
0.184689
0.934266
0.999297
0.999827
0.998762
0.991199
0.993487
0.998965
0.999655
0.999135
0.992512
0.849135
0.115262
0.009918
0.017929
0.012639
0.106856
0.888359
0.998970
0.999867
0.999550
0.996607
0.995331
0.996617
0.993003
0.962505
0.825212
0.430272
0.042634
0.010572
0.026232
0.008022
0.046504
0.573727
0.991717
0.998600
0.997195
0.978061
0.899429
0.771647
0.523793
0.256483
0.127012
0.047588
0.011580
0.014774
0.045518
0.014280
0.032558
0.190526
0.927187
0.989764
0.987019
0.922824
0.637517
0.265537
0.112421
0.041506
0.019780
0.014771
0.018861
0.056680
0.102368
0.038009
0.050525
0.186342
0.825541
0.953796
0.954966
0.875637
0.647543
0.404032
0.228309
0.107459
0.057281
0.048372
0.069216
0.133635
0.151299
0.964604
0.975435
0.990210
0.980110
0.976758
0.983542
0.986382
0.988769
0.988794
0.981077
0.951929
0.927642
0.973463
0.986714
0.978319
0.870338
0.977287
0.964117
0.987568
0.954404
0.917670
0.909166
0.906479
0.887064
0.876539
0.756015
0.503832
0.594916
0.934486
0.963912
0.907895
0.828982
0.995192
0.991375
0.998103
0.993162
0.987146
0.981559
0.974167
0.954243
0.862270
0.263168
0.039393
0.066490
0.785340
0.962781
0.950335
0.930137
0.994726
0.989521
0.997080
0.986942
0.981246
0.979102
0.966976
0.917273
0.308568
0.006103
0.000648
0.003120
0.315026
0.910683
0.960690
0.949855
0.994124
0.991420
0.990262
0.911490
0.894515
0.900025
0.830175
0.565582
0.017470
0.000498
0.000192
0.005522
0.529471
0.972727
0.993946
0.985767
0.993386
0.988813
0.906711
0.403673
0.481625
0.559967
0.432283
0.231236
0.007865
0.000737
0.001534
0.102719
0.862645
0.995398
0.998698
0.994907
0.991363
0.969697
0.552438
0.044445
0.095589
0.190499
0.164730
0.095540
0.014864
0.002370
0.004737
0.169402
0.952788
0.998066
0.999216
0.996090
0.983249
0.939046
0.611507
0.047133
0.052434
0.112316
0.078712
0.051837
0.019236
0.001924
0.001256
0.036707
0.853683
0.997597
0.998970
0.995177
0.970380
0.895831
0.703142
0.040072
0.028109
0.073314
0.045598
0.033512
0.011949
0.000595
0.000169
0.003114
0.332123
0.982964
0.997582
0.992690
0.955955
0.823831
0.492325
0.012686
0.008402
0.056549
0.107612
0.105392
0.017201
0.000573
0.000131
0.001165
0.090434
0.905164
0.995286
0.990580
0.950981
0.772577
0.144003
0.001940
0.001021
0.012179
0.096775
0.075553
0.006306
0.000352
0.000179
0.001148
0.053119
0.815170
0.992564
0.988281
0.955514
0.772611
0.056998
0.000523
0.000127
0.000708
0.006082
0.005024
0.000754
0.000294
0.000718
0.005686
0.109020
0.846345
0.991485
0.985772
0.970420
0.859688
0.082391
0.000855
0.000103
0.000316
0.001815
0.002892
0.002534
0.005412
0.029751
0.136503
0.531500
0.946882
0.991072
0.979232
0.978103
0.931110
0.324838
0.007869
0.001196
0.002137
0.015404
0.069115
0.167558
0.401510
0.699839
0.855045
0.952288
0.988067
0.986552
0.963834
0.958457
0.958894
0.773070
0.090520
0.013061
0.016052
0.077930
0.338439
0.689444
0.867480
0.948547
0.976144
0.984635
0.979092
0.942923
0.919109
0.917694
0.935803
0.781649
0.225559
0.070181
0.071697
0.165112
0.366935
0.628754
0.807786
0.905499
0.949685
0.957546
0.935903
0.868454
0.878044
0.939917
0.551144
0.747030
0.745193
0.667403
0.791457
0.798079
0.753938
0.722522
0.665393
0.580014
0.570975
0.868520
0.943393
0.887522
-0.016379
1.003156
0.568632
0.650712
0.566261
0.402725
0.461078
0.637382
0.646716
0.692004
0.698094
0.646149
0.635703
0.880085
0.930478
0.862611
-0.021901
1.018142
0.602836
0.598543
0.350222
0.302619
0.336841
0.659508
0.574162
0.762248
0.842808
0.756427
0.688101
0.810322
0.885644
0.790921
-0.018533
1.020196
0.605513
0.405315
0.317132
0.315166
0.392693
0.680218
0.504027
0.756507
0.793628
0.638116
0.436138
0.548884
0.699615
0.641828
0.020093
1.017683
0.536269
0.304432
0.372220
0.446159
0.705272
0.747863
0.632808
0.704291
0.742471
0.483570
0.258197
0.425512
0.634421
0.640909
0.177593
0.998488
0.293211
0.387308
0.429102
0.538256
0.864717
0.625313
0.576082
0.748801
0.769393
0.329290
0.184467
0.451486
0.507355
0.465008
0.362548
0.935206
0.187535
0.381361
0.406891
0.534269
0.875337
0.490622
0.463492
0.746956
0.705236
0.284224
0.144528
0.546708
0.534295
0.389133
0.393211
0.887756
0.111242
0.517246
0.568271
0.442173
0.688094
0.473838
0.503802
0.776058
0.796292
0.471281
0.112656
0.445534
0.565629
0.367377
0.376383
0.904131
0.079754
0.510538
0.648569
0.424841
0.496407
0.499396
0.535737
0.817607
0.839131
0.605569
0.131906
0.253141
0.548631
0.400321
0.339665
0.944620
0.077532
0.500915
0.705792
0.432371
0.344557
0.483451
0.597823
0.844939
0.878147
0.669868
0.217007
0.135248
0.558821
0.471504
0.307186
0.975969
0.137539
0.561612
0.735990
0.460148
0.297086
0.482903
0.735494
0.865644
0.822159
0.625295
0.322235
0.142839
0.541378
0.561093
0.276792
0.992405
0.306759
0.667951
0.716561
0.522242
0.313154
0.461309
0.717041
0.737815
0.668116
0.526382
0.405053
0.267452
0.499118
0.573404
0.259505
1.003631
0.504183
0.583606
0.589309
0.507581
0.316217
0.340193
0.577322
0.552210
0.538288
0.500487
0.502872
0.368731
0.428041
0.549781
0.253365
1.009336
0.679547
0.501461
0.517884
0.526361
0.338403
0.277108
0.433349
0.475054
0.464030
0.479599
0.501880
0.414890
0.425405
0.525269
0.208587
1.005758
0.738894
0.490899
0.522255
0.386938
0.304260
0.284374
0.400921
0.443733
0.421411
0.484764
0.501871
0.461083
0.452818
0.539369
0.205255
0.950104
0.633351
0.527985
0.462801
0.300251
0.270115
0.277119
0.352599
0.416515
0.413136
0.454266
0.470470
0.456680
0.452568
0.502532
0.191539
0.942482
0.939575
0.973332
0.985205
0.991217
0.988436
0.991741
0.992293
0.994772
0.991424
0.980970
0.960592
0.963126
0.984598
0.996812
0.985962
0.664356
0.452341
0.594709
0.338471
0.238869
0.143153
0.070631
0.048398
0.049857
0.078633
0.186068
0.309144
0.389502
0.313364
0.283240
0.389679
0.641538
0.339606
0.634680
0.519226
0.509049
0.513905
0.513182
0.512712
0.446724
0.482620
0.507126
0.359237
0.225435
0.083082
0.089105
0.122469
0.398213
0.099597
0.307133
0.165138
0.253846
0.325247
0.429387
0.556480
0.636060
0.564554
0.388451
0.176401
0.032700
-0.008179
-0.008495
0.018386
0.176785
0.008084
0.045223
0.030326
0.060850
0.190617
0.317628
0.351523
0.296450
0.315202
0.232009
0.150050
0.070747
0.040674
0.050761
0.148177
0.160914
0.008232
0.051710
0.108532
0.106782
0.177500
0.249301
0.163878
0.191524
0.373298
0.408781
0.340221
0.349926
0.415694
0.430768
0.492053
0.279709
0.085406
0.207264
0.361044
0.382048
0.292360
0.323281
0.337025
0.431771
0.506282
0.565218
0.496484
0.380740
0.462698
0.529097
0.542367
0.458932
0.371644
0.572684
0.645531
0.693356
0.397108
0.375445
0.528732
0.603929
0.633533
0.676047
0.716425
0.515514
0.465887
0.560265
0.558789
0.501726
0.478800
0.604564
0.551836
0.544449
0.459553
0.466688
0.511035
0.531352
0.533489
0.489572
0.589441
0.486711
0.399078
0.540979
0.565747
0.533991
0.582096
0.693180
0.652464
0.615571
0.542204
0.510877
0.574849
0.624355
0.629408
0.517994
0.585141
0.528289
0.405791
0.487352
0.550536
0.551561
0.641018
0.849422
0.821258
0.711985
0.682243
0.626885
0.660766
0.672590
0.589076
0.445694
0.443262
0.435600
0.374673
0.501254
0.563503
0.478728
0.553080
0.863097
0.859954
0.749689
0.714848
0.651138
0.609677
0.522436
0.441174
0.409542
0.366280
0.405773
0.411395
0.492417
0.550663
0.534980
0.568123
0.856052
0.757290
0.571577
0.548531
0.504645
0.463636
0.458704
0.441502
0.450900
0.427934
0.495476
0.532932
0.575873
0.585784
0.387571
0.260429
0.588247
0.644577
0.593382
0.520756
0.528979
0.451426
0.399304
0.408078
0.453062
0.454076
0.512419
0.562606
0.572702
0.555771
0.396594
0.226575
0.529262
0.794929
0.855513
0.767972
0.700710
0.584728
0.547524
0.547899
0.530176
0.507896
0.574458
0.599183
0.568852
0.566179
0.028881
0.004648
0.016752
0.069851
0.124511
0.215757
0.281945
0.320173
0.387540
0.458404
0.465587
0.468775
0.487381
0.427795
0.369671
0.437167
-1.057887
-0.190035
-0.195284
0.245947
0.465310
0.418956
0.265029
0.159799
0.091092
0.044247
-0.019502
-0.087001
-0.099913
-0.201703
-0.583040
-1.079361
-1.598226
-0.576083
-0.834849
-0.018194
0.023995
-0.114043
-0.181266
-0.306289
-0.376675
-0.404831
-0.417916
-0.653529
-0.804472
-1.041127
-0.998452
-1.764907
-2.011054
-0.641150
-1.252502
-0.407310
-0.466016
-0.526924
-0.584309
-0.661867
-0.580785
-0.515629
-0.653029
-0.928486
-1.462396
-1.412910
-1.029040
-1.548796
-2.050665
-0.871461
-1.170912
-0.404045
-0.541776
-0.608690
-0.468122
-0.315804
-0.027647
-0.033529
-0.459315
-1.040262
-1.324168
-1.074471
-0.798246
-1.215966
-2.114030
-0.975841
-1.130386
-0.356760
-0.478072
-0.765512
-0.531771
-0.492789
-0.085061
-0.039411
-0.650306
-1.021091
-0.898084
-0.630549
-0.511501
-0.869510
-2.010197
-0.836993
-0.789895
-0.400838
-0.467864
-0.907560
-0.603284
-0.442298
-0.021110
-0.170521
-0.602836
-0.651797
-0.391913
-0.307999
-0.170734
-0.745731
-2.063948
-0.849396
-0.409507
-0.305890
-0.467806
-0.853255
-0.693180
-0.146589
0.092454
-0.243806
-0.520748
-0.592993
-0.545132
-0.299202
-0.439649
-0.700523
-2.233309
-1.111704
-0.195724
-0.217991
-0.459419
-0.464078
-0.444616
-0.045779
0.006060
-0.027939
-0.491268
-0.630281
-0.767116
-0.556464
-0.594681
-0.811211
-2.340075
-1.205186
-0.302183
-0.141022
-0.460175
-0.334175
-0.331791
-0.014605
0.084446
0.171077
-0.433236
-0.798107
-0.879066
-0.824201
-0.700219
-0.866869
-2.381993
-1.241199
-0.480224
-0.194198
-0.338211
-0.441861
-0.464798
0.014099
0.233613
0.258108
-0.353659
-0.856005
-0.889486
-0.929477
-0.801749
-0.862460
-2.337384
-1.244787
-0.627178
-0.123090
-0.280220
-0.463217
-0.478543
-0.110378
0.238182
0.187420
-0.368172
-0.868859
-0.899070
-0.898659
-0.839139
-0.881995
-2.226983
-0.958283
-0.585079
0.217224
-0.001539
-0.366817
-0.405598
-0.266040
-0.052899
-0.195736
-0.495177
-0.648904
-0.653220
-0.707383
-0.842844
-0.904000
-2.143838
-0.820369
-0.675714
0.266738
0.080875
-0.270337
-0.291118
-0.337859
-0.139393
-0.198299
-0.194143
-0.130272
-0.182037
-0.336365
-0.752530
-0.887047
-1.882242
-0.861997
-0.727178
0.230466
0.301425
-0.039529
-0.065210
-0.088750
0.067634
0.154094
0.176034
0.120786
0.037281
-0.228207
-0.648427
-0.885383
-1.722591
-0.854786
-0.725244
0.154058
0.369765
0.248946
0.173253
0.154291
0.218213
0.282524
0.254173
0.195095
0.113517
-0.072479
-0.467330
-0.914897
-0.993225
-0.580759
-0.570611
-0.060282
0.072596
-0.000261
-0.037169
0.079793
0.182611
0.260792
0.291794
0.237229
0.085616
-0.082309
-0.315890
-0.650908
0.048242
-0.687929
-0.877539
-1.372431
-1.716137
-1.986841
-2.276016
-2.393478
-2.436674
-2.356967
-2.134777
-1.638639
-1.132870
-0.670865
-1.085969
-0.909533
0.496715
-0.562905
-0.575936
-0.932003
-1.194983
-1.193913
-1.368815
-1.549083
-1.661611
-1.622493
-1.428615
-1.083119
-0.748880
-0.522270
-0.580444
-0.110062
1.007495
-0.479528
-0.411113
-0.509776
-0.712739
-0.712552
-0.673485
-0.631820
-0.552163
-0.601035
-0.606201
-0.664104
-0.592925
-0.275605
-0.000196
0.257053
0.913211
-0.376001
-0.353613
-0.391452
-0.573965
-0.569225
-0.663123
-0.542752
-0.470446
-0.642617
-0.607904
-0.213847
0.049771
0.209743
0.245378
0.189961
1.015501
-0.067159
0.175261
0.067295
0.019940
-0.105558
-0.069784
-0.025447
0.063792
-0.079244
0.143569
0.314354
0.691905
0.645983
0.537440
0.143576
1.000791
0.285713
0.394365
0.232243
0.294783
0.064025
0.002783
0.033162
0.153281
-0.010141
0.213383
0.267453
0.381190
0.067049
-0.149555
-0.225129
1.098432
0.457169
0.120987
-0.000196
0.232619
0.097072
-0.204993
-0.058975
-0.137034
-0.058443
0.124498
0.137780
-0.063085
-0.262752
-0.287714
-0.143729
1.351652
0.577613
0.173378
0.213526
0.198642
0.164741
-0.148128
-0.193040
-0.196944
-0.176196
-0.296142
-0.300152
-0.219639
-0.156869
-0.245462
-0.089856
1.294224
0.529130
0.271365
0.149145
0.165955
0.152782
0.159102
-0.057759
-0.157042
-0.150069
-0.230088
-0.143637
0.053636
0.085647
-0.078424
-0.015541
1.082785
0.479711
0.295919
0.065961
0.092700
0.096944
0.116723
0.073942
0.122490
0.028034
-0.114763
-0.020759
0.130520
0.228347
0.076867
0.042347
0.877764
0.338860
0.326711
-0.031153
-0.050473
-0.075150
-0.117376
-0.073311
0.062365
-0.105968
-0.127733
0.016359
0.179888
0.308554
0.139223
0.056770
0.857871
0.263796
0.321248
-0.050091
-0.250916
-0.199847
-0.338827
-0.323718
-0.124991
-0.096712
0.173407
0.322930
0.363658
0.451426
0.166744
0.089724
0.841663
0.111267
0.223491
-0.003576
-0.086772
0.024507
0.003158
0.016204
0.115422
0.189142
0.226242
0.316813
0.384810
0.280301
0.135933
0.126577
0.837516
-0.075584
-0.001826
-0.045750
0.033944
0.081257
0.071316
0.052671
0.067269
0.098400
0.131436
0.124733
-0.090049
-0.163802
-0.002423
0.129696
0.588217
-0.203885
-0.262089
-0.519625
-0.879688
-0.895744
-0.717506
-0.563372
-0.633110
-0.668759
-0.694115
-0.742996
-0.856892
-0.701702
-0.392001
-0.005393
0.222585
-0.087719
-0.263147
-0.697815
-0.930033
-0.721679
-0.589233
-0.523093
-0.660289
-0.670901
-0.697941
-0.791126
-0.847657
-0.690017
-0.258095
-0.056106
0.000002
0.000000
0.000000
0.000000
0.000000
0.000000
0.000000
0.000000
0.000000
0.000000
0.000000
0.000000
0.000000
0.000000
0.000000
0.000000
0.000002
0.000000
0.000000
0.000000
0.000000
0.000000
0.000000
0.000000
0.000000
0.000000
0.000000
0.000000
0.000000
0.000000
0.000001
0.000000
0.000000
0.000000
0.000000
0.000000
0.000000
0.000000
0.000000
0.000000
0.000000
0.000000
0.000000
0.000000
0.000000
0.000000
0.000000
0.000000
0.000000
0.000000
0.000000
0.000000
0.000000
0.000000
0.000005
0.000009
0.000000
0.000000
0.000000
0.000000
0.000000
0.000000
0.000000
0.000000
0.000000
0.000000
0.000000
0.000000
0.000000
0.000000
0.000001
0.000006
0.000000
0.000000
0.000000
0.000000
0.000000
0.000000
0.000000
0.000000
0.000000
0.000000
0.000000
0.000000
0.000000
0.000001
0.000002
0.000001
0.000000
0.000000
0.000000
0.000000
0.000000
0.000001
0.000000
0.000000
0.000000
0.000000
0.000000
0.000000
0.000000
0.000002
0.000036
0.000000
0.000000
0.000001
0.000003
0.000001
0.000001
0.000011
0.000001
0.000001
0.000000
0.000000
0.000000
0.000005
0.000026
0.000003
0.000017
0.000001
0.000001
0.000001
0.000014
0.000005
0.000003
0.000017
0.000002
0.000002
0.000000
0.000000
0.000000
0.000003
0.000066
0.000002
0.000002
0.000001
0.000001
0.000000
0.000007
0.000002
0.000001
0.000014
0.000005
0.000002
0.000000
0.000000
0.000000
0.000000
0.000009
0.000003
0.000005
0.000002
0.000001
0.000000
0.000001
0.000001
0.000000
0.000009
0.000009
0.000002
0.000000
0.000000
0.000000
0.000000
0.000000
0.000000
0.000001
0.000002
0.000001
0.000000
0.000000
0.000002
0.000000
0.000004
0.000011
0.000002
0.000000
0.000000
0.000000
0.000000
0.000000
0.000000
0.000000
0.000001
0.000000
0.000000
0.000000
0.000001
0.000001
0.000005
0.000009
0.000003
0.000000
0.000000
0.000000
0.000000
0.000000
0.000000
0.000000
0.000001
0.000000
0.000000
0.000001
0.000004
0.000006
0.000003
0.000002
0.000001
0.000000
0.000000
0.000000
0.000000
0.000000
0.000000
0.000001
0.000003
0.000005
0.000004
0.000003
0.000007
0.000006
0.000005
0.000001
0.000000
0.000000
0.000000
0.000000
0.000000
0.000000
0.000000
0.000006
0.000009
0.000005
0.000001
0.000001
0.000002
0.000002
0.000002
0.000000
0.000000
0.000000
0.000000
0.000000
0.000000
0.000002
0.000001
0.000004
0.000002
0.000001
0.000000
0.000000
0.000000
0.000000
0.000000
0.000000
0.000000
0.074617
0.083238
0.062704
0.087555
0.143420
0.160897
0.136719
0.132631
0.134088
0.174344
0.255062
0.336483
0.237933
0.165997
0.136733
0.318001
0.076173
0.261687
0.171637
0.251199
0.423721
0.540003
0.530342
0.568629
0.610489
0.763418
0.873523
0.900076
0.762431
0.611410
0.526959
0.460794
0.024865
0.131627
0.039227
0.066918
0.104475
0.153138
0.169396
0.274850
0.650263
0.965996
0.994959
0.995369
0.915053
0.550569
0.319907
0.293320
0.026979
0.125163
0.052353
0.088981
0.105147
0.128506
0.145619
0.291546
0.935521
0.998736
0.999841
0.999563
0.967798
0.374532
0.110727
0.116458
0.017754
0.071219
0.097747
0.283524
0.360492
0.373727
0.509149
0.799506
0.995121
0.999842
0.999943
0.999097
0.896289
0.083002
0.010370
0.018617
0.011111
0.055494
0.317632
0.723043
0.783591
0.730754
0.806179
0.932751
0.997628
0.999681
0.999464
0.983951
0.466108
0.008247
0.001341
0.004910
0.009760
0.080800
0.683434
0.919247
0.944623
0.915634
0.900682
0.969746
0.995929
0.998945
0.997703
0.951705
0.173811
0.003128
0.001112
0.004215
0.015159
0.122854
0.659162
0.935398
0.959263
0.954215
0.955400
0.978713
0.995100
0.999257
0.998763
0.982745
0.415828
0.005205
0.001627
0.005465
0.028647
0.181691
0.652111
0.956473
0.969291
0.965770
0.965883
0.983671
0.996539
0.999736
0.999817
0.997953
0.887341
0.047536
0.004001
0.008530
0.049200
0.321545
0.840163
0.984345
0.987115
0.970162
0.943995
0.960804
0.995538
0.999785
0.999931
0.999503
0.976854
0.275874
0.009580
0.011914
0.071255
0.531431
0.971096
0.998323
0.998696
0.993865
0.972877
0.981670
0.998002
0.999855
0.999934
0.999566
0.986373
0.433526
0.016311
0.015883
0.089449
0.673967
0.991671
0.999687
0.999900
0.999608
0.998093
0.998124
0.999557
0.999859
0.999734
0.997583
0.953035
0.306875
0.018535
0.018585
0.086047
0.614847
0.988902
0.999735
0.999957
0.999870
0.999431
0.998583
0.998417
0.996963
0.987347
0.925317
0.627404
0.102535
0.018396
0.025736
0.082447
0.401970
0.953479
0.998351
0.999726
0.999407
0.996463
0.981431
0.932340
0.798025
0.546956
0.270220
0.097122
0.026147
0.023606
0.038902
0.122857
0.302802
0.819456
0.990894
0.998028
0.997193
0.982643
0.886940
0.558130
0.256702
0.102821
0.047804
0.031373
0.037173
0.091022
0.084923
0.124800
0.169934
0.481118
0.911448
0.972727
0.970584
0.912586
0.706115
0.405577
0.196204
0.088703
0.047549
0.041755
0.075430
0.144045
0.108950
0.883117
0.893756
0.923679
0.890135
0.807427
0.767411
0.770079
0.787204
0.790117
0.736190
0.623920
0.547158
0.715145
0.809340
0.901690
0.711853
0.950044
0.881630
0.927680
0.869427
0.748539
0.604074
0.607722
0.594763
0.563431
0.385648
0.193992
0.170616
0.507391
0.722304
0.839790
0.728813
0.987703
0.965416
0.984817
0.971716
0.943386
0.906059
0.904724
0.822049
0.487589
0.061326
0.008104
0.011637
0.231226
0.733872
0.880314
0.799892
0.988773
0.973819
0.979951
0.958857
0.941061
0.908132
0.885591
0.718861
0.090869
0.002468
0.000311
0.000787
0.057657
0.688714
0.925921
0.884329
0.990856
0.979469
0.952540
0.851269
0.783897
0.768877
0.643236
0.326527
0.010987
0.000403
0.000122
0.001480
0.126355
0.912659
0.989377
0.974549
0.993021
0.970592
0.743058
0.368696
0.297565
0.405197
0.299844
0.098425
0.003595
0.000544
0.000992
0.024472
0.553646
0.989801
0.998109
0.992512
0.990142
0.933832
0.290652
0.076479
0.067507
0.110126
0.124022
0.036169
0.006139
0.001622
0.003029
0.054959
0.829101
0.996251
0.998723
0.993583
0.979370
0.861420
0.286846
0.072681
0.054570
0.056885
0.060506
0.023727
0.006734
0.001270
0.001464
0.020103
0.587726
0.994013
0.998353
0.991771
0.957115
0.819225
0.326559
0.052600
0.038724
0.037707
0.038331
0.019039
0.004411
0.000445
0.000238
0.002346
0.118138
0.947198
0.996051
0.988160
0.933215
0.721500
0.143128
0.018747
0.015189
0.032902
0.070849
0.043522
0.005764
0.000381
0.000136
0.000636
0.026717
0.715323
0.991078
0.984646
0.921035
0.576936
0.030527
0.002568
0.001733
0.007348
0.034186
0.026512
0.003164
0.000326
0.000143
0.000653
0.017880
0.541791
0.984919
0.980518
0.919767
0.450201
0.012152
0.000510
0.000197
0.000578
0.002537
0.002535
0.000660
0.000320
0.000518
0.003842
0.056010
0.651231
0.984203
0.978115
0.934333
0.515194
0.015560
0.000402
0.000100
0.000201
0.000823
0.002054
0.002421
0.004769
0.016194
0.076355
0.367135
0.893437
0.984411
0.971863
0.945909
0.731703
0.060966
0.002006
0.000510
0.000893
0.005197
0.031436
0.099462
0.244446
0.490667
0.754551
0.912880
0.975254
0.977090
0.958057
0.925430
0.851675
0.295421
0.018389
0.003164
0.004456
0.028906
0.172781
0.541246
0.805866
0.925771
0.964521
0.973442
0.960336
0.910077
0.895029
0.898255
0.832545
0.462145
0.090988
0.026130
0.033768
0.092875
0.255714
0.539552
0.763956
0.881648
0.935152
0.939149
0.904948
0.827136
0.829684
0.871126
0.507294
0.665735
0.587651
0.498379
0.635906
0.707472
0.719535
0.725699
0.672666
0.551051
0.533725
0.775478
0.855804
0.587308
-0.011784
0.980600
0.416270
0.594456
0.339256
0.244464
0.349932
0.544842
0.554590
0.588474
0.577458
0.413924
0.387164
0.747330
0.835942
0.363606
-0.023328
1.005421
0.426784
0.430850
0.123293
0.133509
0.206087
0.489057
0.495587
0.697889
0.807899
0.592756
0.397770
0.664887
0.750237
0.309987
-0.022794
1.010093
0.427538
0.262841
0.099150
0.130319
0.238710
0.510633
0.475284
0.714613
0.768303
0.376517
0.122913
0.217926
0.527001
0.257047
-0.004373
1.004417
0.409032
0.288545
0.139751
0.205969
0.440039
0.590720
0.566953
0.699700
0.655552
0.160449
0.021134
0.068978
0.272916
0.266365
0.167436
0.965524
0.298553
0.367306
0.198606
0.375756
0.710471
0.608708
0.573647
0.728543
0.580640
0.086672
0.014298
0.130718
0.306055
0.322505
0.475743
0.851214
0.263197
0.511476
0.316073
0.419168
0.705454
0.473718
0.457412
0.713593
0.540378
0.134749
0.063013
0.278787
0.397519
0.351534
0.545184
0.721433
0.242960
0.679509
0.437513
0.423690
0.585683
0.440556
0.514025
0.749651
0.703914
0.319714
0.089865
0.249331
0.387027
0.346621
0.568315
0.725112
0.222374
0.690980
0.551376
0.419205
0.444438
0.438232
0.563401
0.788228
0.770607
0.426501
0.068570
0.101385
0.318418
0.340170
0.543803
0.794882
0.217219
0.704290
0.636382
0.440351
0.319239
0.428204
0.688921
0.870149
0.825433
0.441061
0.080952
0.041832
0.279137
0.338897
0.517173
0.885296
0.280199
0.765247
0.657296
0.401000
0.244134
0.413633
0.753610
0.866181
0.735843
0.381090
0.093648
0.037903
0.234476
0.344820
0.496217
0.936199
0.459109
0.783955
0.575334
0.351684
0.178600
0.309828
0.613876
0.630534
0.446337
0.214566
0.083420
0.071882
0.236045
0.378823
0.504225
0.972620
0.626694
0.718738
0.490994
0.248814
0.130558
0.165988
0.339189
0.305079
0.233612
0.176883
0.175651
0.174472
0.270557
0.409148
0.521375
0.988920
0.729493
0.539340
0.375929
0.222375
0.111945
0.115901
0.215151
0.256112
0.280704
0.335109
0.345892
0.330117
0.398166
0.447169
0.519429
0.985359
0.741476
0.513654
0.387502
0.240695
0.143465
0.141619
0.212557
0.291508
0.343405
0.413519
0.408665
0.402811
0.431212
0.467435
0.489816
0.902718
0.750749
0.690068
0.539445
0.311785
0.201653
0.204146
0.289345
0.370080
0.405906
0.460825
0.462332
0.485305
0.522673
0.585528
0.494338
0.910295
0.919594
0.941225
0.957673
0.960686
0.971176
0.970553
0.965959
0.962963
0.952819
0.931711
0.908060
0.928255
0.976192
0.987071
0.927045
0.532630
0.313882
0.270551
0.160713
0.088190
0.049910
0.020264
0.014522
0.021873
0.044697
0.114094
0.191745
0.247861
0.189317
0.110897
0.213352
0.457270
0.284465
0.366798
0.394462
0.367332
0.414932
0.446218
0.416586
0.426823
0.463017
0.432632
0.265854
0.173648
0.045147
0.046623
0.038110
0.174168
0.038561
0.049970
0.089231
0.160094
0.284065
0.406162
0.499040
0.634764
0.576874
0.260711
0.085395
0.012836
-0.017757
-0.017916
0.006770
0.074533
-0.007630
-0.002605
0.004893
0.036716
0.138118
0.222569
0.241575
0.252040
0.213249
0.091508
0.055943
0.057179
0.031380
0.046063
0.130035
0.057190
-0.001091
0.013994
0.037498
0.076166
0.141903
0.134696
0.087513
0.136067
0.241950
0.195155
0.206639
0.305442
0.302629
0.359062
0.461966
0.168289
0.084139
0.105774
0.202227
0.294544
0.312002
0.212045
0.234709
0.374945
0.457782
0.407496
0.422951
0.458973
0.457439
0.569788
0.561395
0.454740
0.434672
0.414299
0.599370
0.637821
0.517812
0.327399
0.427879
0.662030
0.701397
0.629443
0.570389
0.619719
0.561309
0.611052
0.572210
0.537897
0.529453
0.579323
0.671993
0.570419
0.504918
0.446644
0.488754
0.662055
0.693554
0.553065
0.465557
0.515841
0.568171
0.619945
0.571088
0.549281
0.573706
0.685359
0.709371
0.589826
0.530198
0.548650
0.603631
0.744198
0.744494
0.566956
0.462089
0.436891
0.563960
0.608928
0.575335
0.554254
0.587104
0.789518
0.807931
0.700632
0.625830
0.637331
0.728214
0.765876
0.677956
0.525052
0.375921
0.365264
0.511760
0.607226
0.587639
0.506714
0.492325
0.779996
0.847497
0.748255
0.666132
0.629322
0.689959
0.638359
0.512132
0.393583
0.349021
0.373037
0.459414
0.563476
0.566815
0.500223
0.443670
0.634545
0.657966
0.614257
0.575347
0.551598
0.577476
0.499641
0.397995
0.377496
0.386741
0.404304
0.449751
0.603465
0.601045
0.390387
0.230852
0.296582
0.381148
0.471267
0.460558
0.442328
0.446213
0.402650
0.385139
0.390538
0.399038
0.392823
0.483503
0.680610
0.624836
0.307057
0.113122
0.200903
0.456896
0.618262
0.568493
0.510062
0.494862
0.491262
0.491588
0.468176
0.465299
0.517511
0.631661
0.793906
0.697210
0.067952
0.002341
0.013471
0.036540
0.080262
0.175871
0.304551
0.424698
0.568270
0.627985
0.633164
0.645449
0.684600
0.696793
0.717460
0.585617
-0.639413
-0.397057
-0.087082
0.054255
0.581853
0.816445
0.812064
0.791247
0.653193
0.495250
0.409543
0.458724
0.392252
-0.351135
-1.113475
-0.111646
-0.764269
-0.678118
-0.262804
-0.250372
-0.075634
0.378018
0.484264
0.565502
0.537526
0.371031
0.220778
0.251284
0.205061
-0.521337
-1.479468
-0.958818
-0.541870
-0.912403
-0.749815
-0.623109
-0.445546
-0.151050
-0.218012
-0.094105
0.369790
0.986654
0.852191
0.772245
0.214466
-0.399440
-1.219912
-0.639119
-0.225581
-0.963201
-0.529400
-0.385400
-0.268359
-0.145360
-0.240554
-0.254294
0.443012
1.006951
1.060971
0.922117
0.643961
0.238153
-0.508511
-0.308491
-0.154291
-1.163322
-0.192335
0.070054
0.061127
-0.008336
-0.174726
-0.028299
0.585757
1.123147
1.234185
1.125243
0.746001
0.123088
-0.382012
-0.077246
-0.262428
-0.699018
0.337211
0.401381
0.552885
0.159255
0.008292
0.246999
1.150213
1.239345
1.127693
0.946946
0.388077
-0.254622
-0.510073
-0.488768
-0.340250
-0.260012
0.576139
0.307710
0.508977
0.186718
0.124695
0.747807
1.254260
1.086686
0.735817
0.884388
0.288014
-0.757960
-0.835001
-0.612785
-0.666904
-0.415820
0.524156
-0.096533
0.061646
0.354619
0.340045
0.752343
1.021925
1.061539
0.648027
0.656055
0.343713
-0.663009
-0.887694
-0.604215
-0.870459
-0.515034
0.734021
0.169027
0.130220
0.587216
0.340030
0.716943
1.000049
1.161990
0.749556
0.535598
0.499046
-0.438829
-1.012014
-0.708202
-0.871637
-0.402433
1.298771
0.906132
0.589177
0.722119
0.514072
0.737007
1.011092
1.169369
1.005204
0.678410
0.519980
-0.289974
-1.072851
-0.805902
-0.813230
-0.420715
1.466603
1.551151
1.054189
0.906023
0.910516
0.930466
0.939540
1.166513
1.111579
0.703673
0.327408
-0.263696
-1.033645
-0.832561
-0.839894
-0.629724
1.114250
1.714024
1.323955
1.022161
1.117543
1.067621
1.095021
1.115284
0.931921
0.401078
-0.053239
-0.443823
-1.020340
-0.846741
-0.699514
-0.732784
0.751418
1.379695
1.552182
1.293546
1.294122
0.861128
0.653822
0.497541
0.337253
-0.072281
-0.452870
-0.742930
-1.091844
-0.806481
-0.582973
-0.967151
0.034095
0.922901
1.330699
1.113708
0.797023
0.404990
0.018531
-0.102072
-0.292047
-0.561899
-0.856778
-1.043304
-0.928399
-0.587084
-0.217498
-0.806733
-0.036784
0.355319
0.660795
0.685425
0.552407
0.198950
-0.105840
-0.206008
-0.311997
-0.486806
-0.530206
-0.487654
-0.148296
0.009241
0.206826
-0.039713
0.311154
0.652405
0.721239
0.722360
0.493464
0.344586
0.384914
0.429139
0.286321
0.071114
0.047625
0.182610
0.251084
0.139469
-0.013510
-0.205009
-1.261110
-1.386557
-1.671469
-1.976095
-2.077040
-2.151474
-2.174122
-2.027486
-1.692456
-1.384644
-1.338012
-1.310549
-0.965556
-0.424104
0.000338
0.169441
-1.064380
-0.904609
-0.847483
-0.709025
-0.869126
-0.893771
-1.079495
-1.184494
-1.096776
-0.954347
-1.123893
-1.017741
-0.468687
0.479873
0.139706
0.501069
-1.072661
-0.514362
-0.319836
0.036685
0.031342
0.205312
0.199815
0.100647
0.072045
0.276642
-0.121622
-0.124959
0.284325
1.001342
0.196058
0.446922
-0.926774
-0.524750
-0.681183
-0.627727
-0.653460
-0.584626
-0.370523
-0.247907
0.388176
0.762324
0.491591
0.689054
0.789644
1.022105
0.630547
1.017454
0.185881
0.409108
0.167570
0.128704
0.058156
-0.062977
0.108951
0.403654
1.069526
1.332263
1.496002
1.673750
1.596354
1.122866
1.035437
1.673231
1.074983
1.278834
0.840282
0.527866
0.439288
0.478538
0.857305
1.002634
1.256292
1.151764
1.025550
0.567698
0.542421
0.212171
1.226067
2.043829
1.377736
1.447435
0.944525
0.780670
0.597746
0.844747
0.904791
0.814668
0.726389
0.466989
-0.015463
-0.282802
-0.101059
-0.081362
1.244578
1.915250
0.969259
1.116596
0.853207
1.009559
0.744774
0.809156
0.471131
0.494642
0.539573
0.341504
-0.126172
-0.391283
-0.137652
-0.040809
1.291496
1.691838
0.528659
0.873362
0.752838
1.043896
1.134524
0.896630
0.444728
0.457598
0.677212
0.627883
0.318196
-0.272386
-0.089787
0.013671
1.305610
1.616127
0.617174
0.973716
0.691777
0.727330
0.673787
0.658742
0.394494
0.418128
0.759849
0.841284
0.619443
0.047393
-0.028654
0.049138
1.149820
1.342151
0.571125
0.788030
0.774796
0.700676
0.425802
0.261454
0.124010
0.310606
0.724976
0.783553
0.710130
0.226719
0.054054
0.072126
0.884395
0.880188
0.123004
0.500305
0.833418
1.001060
0.818889
0.808116
0.839177
0.866621
0.944537
0.892281
0.800670
0.345882
0.159627
0.059090
0.773911
0.587720
0.006012
0.384530
0.914054
1.156230
1.061973
1.026465
1.064738
1.060836
1.115380
0.913352
0.590924
0.169166
0.171787
0.040508
0.697446
0.335002
-0.179077
0.357170
0.794260
0.679023
0.662073
0.591584
0.703229
0.592412
0.338558
0.065836
-0.148285
-0.351646
-0.074302
-0.084458
0.664565
0.232012
-0.667712
-0.542929
-0.013480
0.308753
0.289786
0.237761
0.008821
-0.294605
-0.611919
-0.816501
-0.767741
-0.517519
0.267616
0.158161
0.947734
0.548504
0.158911
0.077498
0.036014
0.162081
0.169324
0.267434
0.067780
-0.111399
-0.312133
-0.493496
-0.482024
-0.166986
0.435275
0.223989
0.000000
0.000000
0.000000
0.000000
0.000000
0.000000
0.000000
0.000000
0.000000
0.000000
0.000000
0.000000
0.000000
0.000000
0.000000
0.000000
0.000000
0.000000
0.000000
0.000000
0.000000
0.000000
0.000000
0.000000
0.000000
0.000000
0.000000
0.000000
0.000000
0.000000
0.000000
0.000000
0.000000
0.000000
0.000000
0.000000
0.000000
0.000000
0.000000
0.000000
0.000000
0.000000
0.000000
0.000000
0.000000
0.000000
0.000000
0.000000
0.000000
0.000000
0.000000
0.000000
0.000000
0.000000
0.000000
0.000000
0.000000
0.000000
0.000000
0.000000
0.000000
0.000000
0.000000
0.000000
0.000000
0.000000
0.000000
0.000000
0.000000
0.000000
0.000001
0.000007
0.000000
0.000000
0.000000
0.000000
0.000000
0.000000
0.000000
0.000000
0.000000
0.000000
0.000000
0.000000
0.000000
0.000000
0.000002
0.000001
0.000000
0.000000
0.000000
0.000000
0.000000
0.000000
0.000000
0.000000
0.000000
0.000000
0.000000
0.000000
0.000000
0.000000
0.000003
0.000000
0.000000
0.000001
0.000003
0.000000
0.000000
0.000001
0.000000
0.000000
0.000000
0.000000
0.000000
0.000002
0.000006
0.000002
0.000007
0.000002
0.000001
0.000000
0.000005
0.000001
0.000000
0.000001
0.000000
0.000000
0.000000
0.000000
0.000000
0.000004
0.000042
0.000003
0.000002
0.000001
0.000001
0.000000
0.000001
0.000001
0.000000
0.000001
0.000000
0.000000
0.000000
0.000000
0.000000
0.000000
0.000012
0.000004
0.000004
0.000001
0.000000
0.000000
0.000000
0.000000
0.000000
0.000001
0.000000
0.000000
0.000000
0.000000
0.000000
0.000000
0.000001
0.000001
0.000001
0.000002
0.000001
0.000000
0.000000
0.000001
0.000000
0.000001
0.000000
0.000000
0.000000
0.000000
0.000000
0.000000
0.000000
0.000000
0.000000
0.000001
0.000000
0.000000
0.000000
0.000001
0.000001
0.000002
0.000000
0.000000
0.000000
0.000000
0.000000
0.000000
0.000000
0.000000
0.000000
0.000001
0.000000
0.000000
0.000000
0.000002
0.000002
0.000001
0.000000
0.000000
0.000000
0.000000
0.000000
0.000000
0.000000
0.000001
0.000001
0.000002
0.000002
0.000001
0.000001
0.000002
0.000001
0.000000
0.000000
0.000000
0.000000
0.000000
0.000000
0.000000
0.000000
0.000000
0.000003
0.000003
0.000001
0.000000
0.000000
0.000000
0.000000
0.000000
0.000000
0.000000
0.000000
0.000000
0.000000
0.000000
0.000000
0.000001
0.000003
0.000002
0.000001
0.000000
0.000000
0.000000
0.000000
0.000000
0.000000
0.000000
0.305360
0.633647
0.496742
0.549963
0.716425
0.802158
0.816714
0.822379
0.808600
0.815937
0.830548
0.862956
0.810647
0.766084
0.593771
0.638330
0.415401
0.800703
0.600078
0.693413
0.777700
0.864876
0.879091
0.905316
0.921989
0.955916
0.972370
0.977446
0.954532
0.927098
0.864124
0.717261
0.213165
0.690598
0.236490
0.390421
0.470699
0.570541
0.603504
0.696689
0.899759
0.989050
0.997660
0.997696
0.974168
0.848636
0.568945
0.502476
0.207738
0.571870
0.184009
0.255144
0.268039
0.320089
0.404065
0.625758
0.958256
0.998119
0.999630
0.999052
0.971771
0.540834
0.152065
0.173145
0.109635
0.261645
0.088867
0.244322
0.370887
0.472948
0.658364
0.879973
0.994158
0.999717
0.999854
0.998717
0.934635
0.156685
0.018011
0.033127
0.047401
0.142064
0.176303
0.559241
0.710747
0.721057
0.787706
0.919733
0.996394
0.999489
0.999265
0.987780
0.634882
0.018420
0.003771
0.010737
0.046383
0.168573
0.485577
0.847842
0.924125
0.907143
0.882899
0.965455
0.992967
0.998288
0.997060
0.958836
0.346261
0.006426
0.002555
0.008672
0.090487
0.260013
0.611806
0.913641
0.956437
0.955107
0.944073
0.979943
0.992381
0.998730
0.998375
0.975052
0.530623
0.009905
0.003025
0.009961
0.183602
0.421890
0.719575
0.934792
0.962391
0.968331
0.963764
0.983748
0.993985
0.999443
0.999662
0.996770
0.864244
0.076556
0.006145
0.013194
0.296732
0.618436
0.882840
0.969219
0.982950
0.971333
0.945558
0.959563
0.992291
0.999584
0.999873
0.999293
0.971300
0.358795
0.014124
0.016213
0.371525
0.806608
0.975720
0.995654
0.997209
0.989325
0.961907
0.970040
0.995901
0.999686
0.999884
0.999448
0.985378
0.553916
0.026118
0.020134
0.390006
0.905134
0.993973
0.999492
0.999744
0.999186
0.996480
0.996104
0.999108
0.999700
0.999668
0.998227
0.967526
0.449794
0.031976
0.023380
0.385247
0.926189
0.994406
0.999691
0.999920
0.999779
0.999129
0.998008
0.997994
0.997375
0.993826
0.967991
0.790472
0.179262
0.032548
0.032373
0.343248
0.848480
0.975813
0.998651
0.999675
0.999372
0.996948
0.985612
0.957749
0.896310
0.758917
0.465307
0.170144
0.049071
0.047988
0.062788
0.361322
0.685948
0.911513
0.993343
0.998297
0.997855
0.988802
0.935644
0.756860
0.479218
0.201991
0.078890
0.050433
0.060722
0.160092
0.167349
0.225482
0.381590
0.607575
0.941201
0.980980
0.977086
0.939694
0.822357
0.587199
0.319566
0.156506
0.081361
0.068432
0.098515
0.175779
0.178620
0.552436
0.341122
0.485068
0.431901
0.355336
0.270942
0.245942
0.215135
0.205525
0.182762
0.162366
0.158620
0.200927
0.208838
0.251499
0.345730
0.443774
0.214091
0.347970
0.294904
0.192440
0.128758
0.106809
0.080627
0.063201
0.035517
0.020655
0.021387
0.036599
0.065969
0.099026
0.275885
0.667527
0.302369
0.629532
0.551880
0.497890
0.402663
0.323588
0.231812
0.066152
0.008563
0.001429
0.001235
0.009842
0.078723
0.235688
0.490995
0.711115
0.379411
0.691021
0.661939
0.653245
0.616972
0.517751
0.322339
0.023811
0.000804
0.000105
0.000257
0.008197
0.203861
0.690147
0.763980
0.843447
0.593691
0.645571
0.486864
0.401266
0.361035
0.255490
0.089263
0.003178
0.000135
0.000042
0.000587
0.038303
0.776166
0.978870
0.952677
0.924575
0.754949
0.539856
0.284904
0.174859
0.172649
0.136442
0.035890
0.002046
0.000314
0.000387
0.007207
0.297461
0.978916
0.996342
0.983322
0.952542
0.768466
0.361218
0.142929
0.053022
0.057197
0.083046
0.020468
0.005318
0.001283
0.001906
0.023249
0.592722
0.992528
0.997076
0.987718
0.930995
0.697595
0.310804
0.076942
0.032892
0.028463
0.044532
0.017440
0.006039
0.000965
0.000908
0.008756
0.302029
0.987538
0.996211
0.985295
0.850463
0.564055
0.277399
0.059832
0.030046
0.024345
0.031796
0.016204
0.003904
0.000387
0.000172
0.001154
0.048654
0.897036
0.992403
0.980735
0.719089
0.308543
0.120922
0.023007
0.013087
0.021207
0.042623
0.026395
0.004143
0.000271
0.000074
0.000308
0.010413
0.521445
0.984013
0.977651
0.600210
0.120393
0.025623
0.003724
0.001581
0.004569
0.018966
0.019814
0.002881
0.000239
0.000072
0.000263
0.007486
0.350316
0.971954
0.974067
0.530261
0.061628
0.006375
0.000435
0.000107
0.000319
0.001431
0.002408
0.000763
0.000228
0.000247
0.001349
0.025242
0.488823
0.967112
0.970176
0.496444
0.059216
0.004859
0.000207
0.000041
0.000106
0.000452
0.001304
0.001744
0.002391
0.006355
0.032685
0.234690
0.821870
0.970530
0.961895
0.546307
0.125684
0.017660
0.000895
0.000200
0.000409
0.002140
0.012304
0.045787
0.115086
0.290551
0.610842
0.876835
0.963525
0.969107
0.946421
0.507864
0.211631
0.061903
0.005968
0.001582
0.002111
0.012875
0.085388
0.347959
0.669221
0.869318
0.943476
0.964319
0.954796
0.908256
0.879265
0.696377
0.481827
0.195039
0.048002
0.025021
0.026952
0.068790
0.204325
0.492145
0.747707
0.875559
0.929683
0.937785
0.905635
0.824194
0.819321
